AIRPORT,Year,Month,DOMESTIC_IN,DOMESTIC_OUT,DOMESTIC_TOTAL,INTERNATIONAL_IN,INTERNATIONAL_OUT,INTERNATIONAL_TOTAL,PASSENGERS_IN,PASSENGERS_OUT,PASSENGERS_TOTAL
ADELAIDE,2000,1,152690,151419,304109,12600,10158,22758,165290,161577,326867
ADELAIDE,2000,2,148268,148009,296277,12498,8095,20593,160766,156104,316870
ADELAIDE,2000,3,171672,175963,347635,10494,10812,21306,182166,186775,368941
ADELAIDE,2000,4,168893,170467,339360,11000,12737,23737,179893,183204,363097
ADELAIDE,2000,5,160803,164203,325006,7765,10890,18655,168568,175093,343661
ADELAIDE,2000,6,161061,159602,320663,9452,9579,19031,170513,169181,339694
ADELAIDE,2000,7,162464,161958,324422,13181,12116,25297,175645,174074,349719
ADELAIDE,2000,8,166852,166670,333522,11577,11424,23001,178429,178094,356523
ADELAIDE,2000,9,172638,180314,352952,12581,11343,23924,185219,191657,376876
ADELAIDE,2000,10,182398,170610,353008,13840,9895,23735,196238,180505,376743
ADELAIDE,2000,11,161199,159817,321016,12124,10650,22774,173323,170467,343790
ADELAIDE,2000,12,174796,170393,345189,12423,12865,25288,187219,183258,370477
ADELAIDE,2001,1,178842,182742,361584,12908,11239,24147,191750,193981,385731
ADELAIDE,2001,2,153902,151966,305868,10674,8310,18984,164576,160276,324852
ADELAIDE,2001,3,184779,186217,370996,9991,10080,20071,194770,196297,391067
ADELAIDE,2001,4,188110,192650,380760,9402,10934,20336,197512,203584,401096
ADELAIDE,2001,5,183637,185569,369206,7358,10058,17416,190995,195627,386622
ADELAIDE,2001,6,179919,180333,360252,9350,9540,18890,189269,189873,379142
ADELAIDE,2001,7,202476,201088,403564,11404,10468,21872,213880,211556,425436
ADELAIDE,2001,8,186452,189084,375536,9823,9193,19016,196275,198277,394552
ADELAIDE,2001,9,159439,158795,318234,10938,9440,20378,170377,168235,338612
ADELAIDE,2001,10,159531,155173,314704,12933,9145,22078,172464,164318,336782
ADELAIDE,2001,11,153176,153714,306890,9686,8967,18653,162862,162681,325543
ADELAIDE,2001,12,157935,156951,314886,9894,10109,20003,167829,167060,334889
ADELAIDE,2002,1,158681,159105,317786,10638,9181,19819,169319,168286,337605
ADELAIDE,2002,2,153111,150565,303676,9245,7261,16506,162356,157826,320182
ADELAIDE,2002,3,175081,175524,350605,9520,9248,18768,184601,184772,369373
ADELAIDE,2002,4,160797,163575,324372,8064,9920,17984,168861,173495,342356
ADELAIDE,2002,5,161306,162698,324004,7399,9532,16931,168705,172230,340935
ADELAIDE,2002,6,146834,144196,291030,8463,9154,17617,155297,153350,308647
ADELAIDE,2002,7,169272,169260,338532,11119,9866,20985,180391,179126,359517
ADELAIDE,2002,8,165574,166644,332218,10171,9170,19341,175745,175814,351559
ADELAIDE,2002,9,171831,174070,345901,10182,9382,19564,182013,183452,365465
ADELAIDE,2002,10,188974,184900,373874,11179,8100,19279,200153,193000,393153
ADELAIDE,2002,11,171460,171331,342791,9875,7582,17457,181335,178913,360248
ADELAIDE,2002,12,173159,176362,349521,9593,10507,20100,182752,186869,369621
ADELAIDE,2003,1,171655,172757,344412,11042,9146,20188,182697,181903,364600
ADELAIDE,2003,2,160695,160604,321299,9785,6665,16450,170480,167269,337749
ADELAIDE,2003,3,182599,185091,367690,8401,8183,16584,191000,193274,384274
ADELAIDE,2003,4,175685,177760,353445,6541,7098,13639,182226,184858,367084
ADELAIDE,2003,5,174160,174837,348997,4880,6339,11219,179040,181176,360216
ADELAIDE,2003,6,162027,163001,325028,5811,6511,12322,167838,169512,337350
ADELAIDE,2003,7,186092,184872,370964,9592,8398,17990,195684,193270,388954
ADELAIDE,2003,8,183544,183635,367179,9165,8981,18146,192709,192616,385325
ADELAIDE,2003,9,188388,190824,379212,9426,8703,18129,197814,199527,397341
ADELAIDE,2003,10,213364,209598,422962,11750,7694,19444,225114,217292,442406
ADELAIDE,2003,11,189252,189429,378681,10046,9603,19649,199298,199032,398330
ADELAIDE,2003,12,201536,202690,404226,11138,11951,23089,212674,214641,427315
ADELAIDE,2004,1,197163,197850,395013,13508,11289,24797,210671,209139,419810
ADELAIDE,2004,2,188669,185407,374076,12530,8745,21275,201199,194152,395351
ADELAIDE,2004,3,206191,209918,416109,10960,11578,22538,217151,221496,438647
ADELAIDE,2004,4,197231,199357,396588,11267,11970,23237,208498,211327,419825
ADELAIDE,2004,5,188099,190019,378118,8731,11527,20258,196830,201546,398376
ADELAIDE,2004,6,179352,180766,360118,10254,11207,21461,189606,191973,381579
ADELAIDE,2004,7,209844,210547,420391,14312,11764,26076,224156,222311,446467
ADELAIDE,2004,8,202637,203068,405705,11938,11625,23563,214575,214693,429268
ADELAIDE,2004,9,206313,212285,418598,12404,12436,24840,218717,224721,443438
ADELAIDE,2004,10,220280,213944,434224,14912,10464,25376,235192,224408,459600
ADELAIDE,2004,11,210371,209711,420082,11890,11101,22991,222261,220812,443073
ADELAIDE,2004,12,209268,211595,420863,14349,15322,29671,223617,226917,450534
ADELAIDE,2005,1,201002,202577,403579,16357,14082,30439,217359,216659,434018
ADELAIDE,2005,2,199071,195713,394784,14947,10875,25822,214018,206588,420606
ADELAIDE,2005,3,225952,228701,454653,14716,13922,28638,240668,242623,483291
ADELAIDE,2005,4,220410,227696,448106,13485,14559,28044,233895,242255,476150
ADELAIDE,2005,5,210948,211819,422767,11771,14314,26085,222719,226133,448852
ADELAIDE,2005,6,199886,201150,401036,12830,13596,26426,212716,214746,427462
ADELAIDE,2005,7,233287,234319,467606,16226,13907,30133,249513,248226,497739
ADELAIDE,2005,8,224802,228638,453440,14766,13102,27868,239568,241740,481308
ADELAIDE,2005,9,221138,224352,445490,13429,11769,25198,234567,236121,470688
ADELAIDE,2005,10,243691,241434,485125,15960,12620,28580,259651,254054,513705
ADELAIDE,2005,11,220297,221854,442151,13653,12548,26201,233950,234402,468352
ADELAIDE,2005,12,220583,222357,442940,14431,16433,30864,235014,238790,473804
ADELAIDE,2006,1,217797,217209,435006,16837,14519,31356,234634,231728,466362
ADELAIDE,2006,2,205750,201411,407161,15580,10304,25884,221330,211715,433045
ADELAIDE,2006,3,238973,241863,480836,14838,13676,28514,253811,255539,509350
ADELAIDE,2006,4,233226,237898,471124,15941,17566,33507,249167,255464,504631
ADELAIDE,2006,5,227121,229568,456689,13450,15116,28566,240571,244684,485255
ADELAIDE,2006,6,215103,216769,431872,14554,15839,30393,229657,232608,462265
ADELAIDE,2006,7,241672,243392,485064,20973,17547,38520,262645,260939,523584
ADELAIDE,2006,8,236228,237747,473975,18345,17044,35389,254573,254791,509364
ADELAIDE,2006,9,235685,237135,472820,18215,16346,34561,253900,253481,507381
ADELAIDE,2006,10,257160,250871,508031,21877,15822,37699,279037,266693,545730
ADELAIDE,2006,11,245908,240884,486792,18211,15523,33734,264119,256407,520526
ADELAIDE,2006,12,238712,244231,482943,20208,22158,42366,258920,266389,525309
ADELAIDE,2007,1,232631,234547,467178,22042,17928,39970,254673,252475,507148
ADELAIDE,2007,2,220136,217088,437224,19381,14132,33513,239517,231220,470737
ADELAIDE,2007,3,254122,257588,511710,20874,18490,39364,274996,276078,551074
ADELAIDE,2007,4,244459,249317,493776,17956,20398,38354,262415,269715,532130
ADELAIDE,2007,5,236339,237644,473983,14657,17770,32427,250996,255414,506410
ADELAIDE,2007,6,223256,223278,446534,17277,18186,35463,240533,241464,481997
ADELAIDE,2007,7,256624,258151,514775,21235,18685,39920,277859,276836,554695
ADELAIDE,2007,8,249327,252099,501426,18744,17726,36470,268071,269825,537896
ADELAIDE,2007,9,248160,248431,496591,18979,18782,37761,267139,267213,534352
ADELAIDE,2007,10,274162,270589,544751,22764,16099,38863,296926,286688,583614
ADELAIDE,2007,11,255705,256161,511866,20060,18046,38106,275765,274207,549972
ADELAIDE,2007,12,251898,254717,506615,20782,24156,44938,272680,278873,551553
ADELAIDE,2008,1,259131,259113,518244,25056,20073,45129,284187,279186,563373
ADELAIDE,2008,2,248622,246113,494735,21507,15549,37056,270129,261662,531791
ADELAIDE,2008,3,272955,275896,548851,21218,19282,40500,294173,295178,589351
ADELAIDE,2008,4,263529,269583,533112,19019,21367,40386,282548,290950,573498
ADELAIDE,2008,5,250437,253129,503566,17470,19098,36568,267907,272227,540134
ADELAIDE,2008,6,236745,236649,473394,17653,17991,35644,254398,254640,509038
ADELAIDE,2008,7,267588,270667,538255,22705,19301,42006,290293,289968,580261
ADELAIDE,2008,8,263204,265323,528527,20289,19088,39377,283493,284411,567904
ADELAIDE,2008,9,256020,257855,513875,20161,19772,39933,276181,277627,553808
ADELAIDE,2008,10,285523,281317,566840,24131,17330,41461,309654,298647,608301
ADELAIDE,2008,11,262677,262175,524852,20339,18220,38559,283016,280395,563411
ADELAIDE,2008,12,260627,265491,526118,19827,23233,43060,280454,288724,569178
ADELAIDE,2009,1,259510,258122,517632,25145,19968,45113,284655,278090,562745
ADELAIDE,2009,2,234778,232142,466920,21389,14795,36184,256167,246937,503104
ADELAIDE,2009,3,280441,284820,565261,19466,18154,37620,299907,302974,602881
ADELAIDE,2009,4,274359,281163,555522,20087,21353,41440,294446,302516,596962
ADELAIDE,2009,5,258273,258930,517203,17085,19321,36406,275358,278251,553609
ADELAIDE,2009,6,242263,242610,484873,17680,19449,37129,259943,262059,522002
ADELAIDE,2009,7,269949,272217,542166,24152,21200,45352,294101,293417,587518
ADELAIDE,2009,8,269480,269355,538835,20859,19768,40627,290339,289123,579462
ADELAIDE,2009,9,264127,267734,531861,22039,22699,44738,286166,290433,576599
ADELAIDE,2009,10,284313,277153,561466,26544,20496,47040,310857,297649,608506
ADELAIDE,2009,11,264644,266874,531518,21906,21543,43449,286550,288417,574967
ADELAIDE,2009,12,262735,264356,527091,21402,24899,46301,284137,289255,573392
ADELAIDE,2010,1,260489,258574,519063,26569,22236,48805,287058,280810,567868
ADELAIDE,2010,2,251775,248044,499819,21576,16706,38282,273351,264750,538101
ADELAIDE,2010,3,292054,294892,586946,22086,20609,42695,314140,315501,629641
ADELAIDE,2010,4,290702,296008,586710,22393,23027,45420,313095,319035,632130
ADELAIDE,2010,5,269597,272381,541978,18231,21100,39331,287828,293481,581309
ADELAIDE,2010,6,260162,264413,524575,19742,21699,41441,279904,286112,566016
ADELAIDE,2010,7,293548,297128,590676,25332,21846,47178,318880,318974,637854
ADELAIDE,2010,8,283786,283560,567346,21613,21756,43369,305399,305316,610715
ADELAIDE,2010,9,282205,287767,569972,23201,22552,45753,305406,310319,615725
ADELAIDE,2010,10,313687,301158,614845,27111,19830,46941,340798,320988,661786
ADELAIDE,2010,11,283723,284665,568388,22317,21729,44046,306040,306394,612434
ADELAIDE,2010,12,292916,295017,587933,23166,25965,49131,316082,320982,637064
ADELAIDE,2011,1,275339,273902,549241,26556,22938,49494,301895,296840,598735
ADELAIDE,2011,2,253474,247288,500762,22587,17514,40101,276061,264802,540863
ADELAIDE,2011,3,293734,295355,589089,21787,21351,43138,315521,316706,632227
ADELAIDE,2011,4,282981,286574,569555,22983,25799,48782,305964,312373,618337
ADELAIDE,2011,5,273748,274350,548098,21287,24027,45314,295035,298377,593412
ADELAIDE,2011,6,237077,237976,475053,21671,22929,44600,258748,260905,519653
ADELAIDE,2011,7,273786,277032,550818,28138,25253,53391,301924,302285,604209
ADELAIDE,2011,8,263100,263060,526160,25653,24324,49977,288753,287384,576137
ADELAIDE,2011,9,262527,261455,523982,25906,25166,51072,288433,286621,575054
ADELAIDE,2011,10,278028,273082,551110,28930,23095,52025,306958,296177,603135
ADELAIDE,2011,11,264907,266632,531539,24604,23324,47928,289511,289956,579467
ADELAIDE,2011,12,262361,260566,522927,26035,31216,57251,288396,291782,580178
ADELAIDE,2012,1,258727,260757,519484,34486,27251,61737,293213,288008,581221
ADELAIDE,2012,2,250287,241533,491820,26957,20520,47477,277244,262053,539297
ADELAIDE,2012,3,277032,282302,559334,25746,25886,51632,302778,308188,610966
ADELAIDE,2012,4,264048,267193,531241,25399,26317,51716,289447,293510,582957
ADELAIDE,2012,5,261753,264360,526113,20661,24575,45236,282414,288935,571349
ADELAIDE,2012,6,243743,249972,493715,23206,26101,49307,266949,276073,543022
ADELAIDE,2012,7,275669,269885,545554,31466,24802,56268,307135,294687,601822
ADELAIDE,2012,8,263168,265243,528411,24624,24733,49357,287792,289976,577768
ADELAIDE,2012,9,269802,270676,540478,27126,27912,55038,296928,298588,595516
ADELAIDE,2012,10,287626,281100,568726,30722,22970,53692,318348,304070,622418
ADELAIDE,2012,11,285081,283544,568625,28453,30172,58625,313534,313716,627250
ADELAIDE,2012,12,271564,271750,543314,31996,37996,69992,303560,309746,613306
ADELAIDE,2013,1,262467,266159,528626,39912,30336,70248,302379,296495,598874
ADELAIDE,2013,2,245055,237296,482351,32894,25038,57932,277949,262334,540283
ADELAIDE,2013,3,282049,284894,566943,30633,30591,61224,312682,315485,628167
ADELAIDE,2013,4,280700,287113,567813,30059,33507,63566,310759,320620,631379
ADELAIDE,2013,5,259610,263814,523424,25232,29676,54908,284842,293490,578332
ADELAIDE,2013,6,249959,247004,496963,27642,30977,58619,277601,277981,555582
ADELAIDE,2013,7,285287,290626,575913,38906,33858,72764,324193,324484,648677
ADELAIDE,2013,8,269836,269808,539644,33245,31092,64337,303081,300900,603981
ADELAIDE,2013,9,272655,272652,545307,34517,35056,69573,307172,307708,614880
ADELAIDE,2013,10,306551,300868,607419,39954,28567,68521,346505,329435,675940
ADELAIDE,2013,11,279869,279000,558869,34066,34016,68082,313935,313016,626951
ADELAIDE,2013,12,291204,289813,581017,39818,49993,89811,331022,339806,670828
ADELAIDE,2014,1,277737,278835,556572,53530,41795,95325,331267,320630,651897
ADELAIDE,2014,2,253235,250818,504053,40484,29320,69804,293719,280138,573857
ADELAIDE,2014,3,287307,293996,581303,35407,35805,71212,322714,329801,652515
ADELAIDE,2014,4,283121,285267,568388,39176,42911,82087,322297,328178,650475
ADELAIDE,2014,5,266981,269417,536398,34798,39547,74345,301779,308964,610743
ADELAIDE,2014,6,260567,255415,515982,35861,44801,80662,296428,300216,596644
ADELAIDE,2014,7,284112,289631,573743,51507,44103,95610,335619,333734,669353
ADELAIDE,2014,8,280822,280400,561222,41013,39796,80809,321835,320196,642031
ADELAIDE,2014,9,276540,280913,557453,39785,40956,80741,316325,321869,638194
ADELAIDE,2014,10,319150,311531,630681,44279,35206,79485,363429,346737,710166
ADELAIDE,2014,11,279539,279238,558777,33966,35010,68976,313505,314248,627753
ADELAIDE,2014,12,295383,291644,587027,38989,49220,88209,334372,340864,675236
ADELAIDE,2015,1,271005,273323,544328,50816,40325,91141,321821,313648,635469
ADELAIDE,2015,2,255345,248620,503965,38274,30765,69039,293619,279385,573004
ADELAIDE,2015,3,291956,293217,585173,34114,36696,70810,326070,329913,655983
ADELAIDE,2015,4,291914,294232,586146,33223,37246,70469,325137,331478,656615
ADELAIDE,2015,5,270553,272195,542748,31243,36424,67667,301796,308619,610415
ADELAIDE,2015,6,252967,252494,505461,32695,37826,70521,285662,290320,575982
ADELAIDE,2015,7,296045,302047,598092,40295,36893,77188,336340,338940,675280
ADELAIDE,2015,8,282798,277223,560021,35798,34901,70699,318596,312124,630720
ADELAIDE,2015,9,279982,283113,563095,35418,35682,71100,315400,318795,634195
ADELAIDE,2015,10,315821,304706,620527,39982,32407,72389,355803,337113,692916
ADELAIDE,2015,11,296138,294450,590588,30136,30705,60841,326274,325155,651429
ADELAIDE,2015,12,298324,301313,599637,36126,43398,79524,334450,344711,679161
ADELAIDE,2016,1,282520,284142,566662,44890,39537,84427,327410,323679,651089
ADELAIDE,2016,2,267124,259758,526882,35415,29381,64796,302539,289139,591678
ADELAIDE,2016,3,305728,298866,604594,32873,33552,66425,338601,332418,671019
ADELAIDE,2016,4,291320,302867,594187,31541,36181,67722,322861,339048,661909
ADELAIDE,2016,5,281939,282036,563975,31336,37676,69012,313275,319712,632987
ADELAIDE,2016,6,269707,262566,532273,33289,39790,73079,302996,302356,605352
ADELAIDE,2016,7,300002,307952,607954,47258,43425,90683,347260,351377,698637
ADELAIDE,2016,8,284393,279860,564253,39027,40220,79247,323420,320080,643500
ADELAIDE,2016,9,293756,288573,582329,42085,41067,83152,335841,329640,665481
ADELAIDE,2016,10,317098,319192,636290,46341,35408,81749,363439,354600,718039
ADELAIDE,2016,11,304689,305932,610621,34776,36227,71003,339465,342159,681624
ADELAIDE,2016,12,304574,301400,605974,41707,51177,92884,346281,352577,698858
ADELAIDE,2017,1,292441,295396,587837,51344,42933,94277,343785,338329,682114
ADELAIDE,2017,2,265665,258284,523949,37838,30773,68611,303503,289057,592560
ADELAIDE,2017,3,309494,311591,621085,34763,36346,71109,344257,347937,692194
ADELAIDE,2017,4,294726,296413,591139,34119,39693,73812,328845,336106,664951
ADELAIDE,2017,5,285884,284998,570882,33197,37924,71121,319081,322922,642003
ADELAIDE,2017,6,273329,272795,546124,34097,39198,73295,307426,311993,619419
ADELAIDE,2017,7,308341,310767,619108,46589,43123,89712,354930,353890,708820
ADELAIDE,2017,8,289066,285877,574943,42160,40424,82584,331226,326301,657527
ADELAIDE,2017,9,296741,294811,591552,44410,42623,87033,341151,337434,678585
ADELAIDE,2017,10,327412,326148,653560,46426,36194,82620,373838,362342,736180
ADELAIDE,2017,11,316350,311569,627919,37547,36871,74418,353897,348440,702337
ADELAIDE,2017,12,318458,322403,640861,42206,52177,94383,360664,374580,735244
ADELAIDE,2018,1,300307,304558,604865,58412,47172,105584,358719,351730,710449
ADELAIDE,2018,2,276851,270512,547363,40981,32712,73693,317832,303224,621056
ADELAIDE,2018,3,320101,318876,638977,37451,40042,77493,357552,358918,716470
ADELAIDE,2018,4,311318,316660,627978,36246,41703,77949,347564,358363,705927
ADELAIDE,2018,5,294206,295304,589510,34981,39547,74528,329187,334851,664038
ADELAIDE,2018,6,279737,278632,558369,34610,43963,78573,314347,322595,636942
ADELAIDE,2018,7,318564,319765,638329,48394,42872,91266,366958,362637,729595
ADELAIDE,2018,8,303083,299851,602934,43581,43992,87573,346664,343843,690507
ADELAIDE,2018,9,300580,300750,601330,45590,43804,89394,346170,344554,690724
ADELAIDE,2018,10,329727,327636,657363,49784,38321,88105,379511,365957,745468
ADELAIDE,2018,11,317799,316175,633974,40957,41321,82278,358756,357496,716252
ADELAIDE,2018,12,309982,309368,619350,44574,54951,99525,354556,364319,718875
ADELAIDE,2019,1,293965,298986,592951,58221,49255,107476,352186,348241,700427
ADELAIDE,2019,2,278620,272735,551355,44990,35260,80250,323610,307995,631605
ADELAIDE,2019,3,314477,318070,632547,38857,39981,78838,353334,358051,711385
ADELAIDE,2019,4,315393,315365,630758,40996,46294,87290,356389,361659,718048
ADELAIDE,2019,5,294271,296479,590750,38454,43024,81478,332725,339503,672228
ADELAIDE,2019,6,279068,275957,555025,40583,47455,88038,319651,323412,643063
ADELAIDE,2019,7,321154,325056,646210,55934,49299,105233,377088,374355,751443
ADELAIDE,2019,8,310165,307344,617509,49885,49320,99205,360050,356664,716714
ADELAIDE,2019,9,308230,308039,616269,53080,51858,104938,361310,359897,721207
ADELAIDE,2019,10,345636,343411,689047,55867,43338,99205,401503,386749,788252
ADELAIDE,2019,11,320697,322044,642741,43856,43075,86931,364553,365119,729672
ADELAIDE,2019,12,311283,311134,622417,48765,60945,109710,360048,372079,732127
ADELAIDE,2020,1,294269,298774,593043,63966,53541,117507,358235,352315,710550
ADELAIDE,2020,2,275909,266178,542087,41150,30615,71765,317059,296793,613852
ADELAIDE,2020,3,192633,193960,386593,23735,18459,42194,216368,212419,428787
ADELAIDE,2020,4,5462,6383,11845,0,0,0,5462,6383,11845
ADELAIDE,2020,5,7273,8466,15739,0,0,0,7273,8466,15739
ADELAIDE,2020,6,12264,12993,25257,26,51,77,12290,13044,25334
ADELAIDE,2020,7,25774,27491,53265,350,313,663,26124,27804,53928
ADELAIDE,2020,8,36135,38427,74562,754,661,1415,36889,39088,75977
ADELAIDE,2020,9,49137,50346,99483,1123,590,1713,50260,50936,101196
ADELAIDE,2020,10,90979,90918,181897,1509,537,2046,92488,91455,183943
ADELAIDE,2020,11,70193,73760,143953,959,481,1440,71152,74241,145393
ADELAIDE,2020,12,112726,108004,220730,1429,710,2139,114155,108714,222869
ADELAIDE,2021,1,112901,120628,233529,2115,526,2641,115016,121154,236170
ADELAIDE,2021,2,97732,97565,195297,1919,459,2378,99651,98024,197675
ADELAIDE,2021,3,171916,171932,343848,2124,413,2537,174040,172345,346385
ADELAIDE,2021,4,226873,231100,457973,1798,439,2237,228671,231539,460210
ADELAIDE,2021,5,208206,212298,420504,2823,1464,4287,211029,213762,424791
ADELAIDE,2021,6,148588,149609,298197,3040,1642,4682,151628,151251,302879
ADELAIDE,2021,7,65265,66156,131421,2816,2120,4936,68081,68276,136357
ADELAIDE,2021,8,39127,39952,79079,1063,871,1934,40190,40823,81013
ADELAIDE,2021,9,78689,81802,160491,1173,681,1854,79862,82483,162345
ADELAIDE,2021,10,93731,91605,185336,1152,835,1987,94883,92440,187323
ADELAIDE,2021,11,116813,113929,230742,1180,1299,2479,117993,115228,233221
ADELAIDE,2021,12,152001,142689,294690,937,2799,3736,152938,145488,298426
ADELAIDE,2022,1,127555,129736,257291,4211,3718,7929,131766,133454,265220
ADELAIDE,2022,2,138158,134762,272920,7289,4956,12245,145447,139718,285165
ADELAIDE,2022,3,222888,220124,443012,7098,8046,15144,229986,228170,458156
ADELAIDE,2022,4,281960,284961,566921,10306,12112,22418,292266,297073,589339
ADELAIDE,2022,5,268778,265119,533897,12693,12808,25501,281471,277927,559398
ADELAIDE,2022,6,263202,258308,521510,13847,17516,31363,277049,275824,552873
ADELAIDE,2022,7,287105,291796,578901,22259,22240,44499,309364,314036,623400
ADELAIDE,2022,8,269233,261865,531098,21150,20231,41381,290383,282096,572479
BRISBANE,2000,1,320011,322012,642023,107017,92287,199304,427028,414299,841327
BRISBANE,2000,2,293369,293418,586787,99603,83005,182608,392972,376423,769395
BRISBANE,2000,3,328007,326983,654990,100516,87502,188018,428523,414485,843008
BRISBANE,2000,4,334736,339660,674396,110553,100105,210658,445289,439765,885054
BRISBANE,2000,5,328586,329489,658075,96959,86004,182963,425545,415493,841038
BRISBANE,2000,6,350502,349687,700189,106451,92973,199424,456953,442660,899613
BRISBANE,2000,7,364944,363148,728092,125541,99036,224577,490485,462184,952669
BRISBANE,2000,8,379268,387288,766556,111615,106425,218040,490883,493713,984596
BRISBANE,2000,9,435073,431342,866415,101463,94868,196331,536536,526210,1062746
BRISBANE,2000,10,433057,433357,866414,115739,97650,213389,548796,531007,1079803
BRISBANE,2000,11,400478,405618,806096,111875,100639,212514,512353,506257,1018610
BRISBANE,2000,12,436170,424467,860637,122274,111278,233552,558444,535745,1094189
BRISBANE,2001,1,450298,469967,920265,125932,108112,234044,576230,578079,1154309
BRISBANE,2001,2,338280,345150,683430,100127,81302,181429,438407,426452,864859
BRISBANE,2001,3,412365,411150,823515,106653,93629,200282,519018,504779,1023797
BRISBANE,2001,4,456387,464608,920995,115261,101408,216669,571648,566016,1137664
BRISBANE,2001,5,414664,418392,833056,98420,91054,189474,513084,509446,1022530
BRISBANE,2001,6,427295,425135,852430,116559,101832,218391,543854,526967,1070821
BRISBANE,2001,7,482402,487483,969885,137364,103190,240554,619766,590673,1210439
BRISBANE,2001,8,441741,450282,892023,119550,113153,232703,561291,563435,1124726
BRISBANE,2001,9,389028,392309,781337,117703,111430,229133,506731,503739,1010470
BRISBANE,2001,10,378078,384559,762637,112802,98633,211435,490880,483192,974072
BRISBANE,2001,11,363866,363990,727856,91837,91037,182874,455703,455027,910730
BRISBANE,2001,12,393651,384993,778644,106648,104084,210732,500299,489077,989376
BRISBANE,2002,1,396832,417089,813921,109527,100027,209554,506359,517116,1023475
BRISBANE,2002,2,343655,346735,690390,98031,87700,185731,441686,434435,876121
BRISBANE,2002,3,377957,376385,754342,105155,95557,200712,483112,471942,955054
BRISBANE,2002,4,356947,364468,721415,96762,93619,190381,453709,458087,911796
BRISBANE,2002,5,351704,353091,704795,92762,88673,181435,444466,441764,886230
BRISBANE,2002,6,346921,353004,699925,102396,98871,201267,449317,451875,901192
BRISBANE,2002,7,404843,401209,806052,125385,100731,226116,530228,501940,1032168
BRISBANE,2002,8,381406,386187,767593,113061,111913,224974,494467,498100,992567
BRISBANE,2002,9,395624,394134,789758,108786,107761,216547,504410,501895,1006305
BRISBANE,2002,10,418367,427799,846166,119081,99545,218626,537448,527344,1064792
BRISBANE,2002,11,386074,387890,773964,106466,104668,211134,492540,492558,985098
BRISBANE,2002,12,400403,394796,795199,113011,113594,226605,513414,508390,1021804
BRISBANE,2003,1,399945,414220,814165,120454,107391,227845,520399,521611,1042010
BRISBANE,2003,2,347217,352038,699255,100068,88166,188234,447285,440204,887489
BRISBANE,2003,3,384550,384427,768977,94000,92890,186890,478550,477317,955867
BRISBANE,2003,4,400219,398635,798854,90090,87917,178007,490309,486552,976861
BRISBANE,2003,5,382577,377008,759585,78835,78635,157470,461412,455643,917055
BRISBANE,2003,6,386029,392681,778710,89626,90844,180470,475655,483525,959180
BRISBANE,2003,7,454814,452773,907587,125102,104246,229348,579916,557019,1136935
BRISBANE,2003,8,439136,437172,876308,107888,115826,223714,547024,552998,1100022
BRISBANE,2003,9,457554,452856,910410,115869,116536,232405,573423,569392,1142815
BRISBANE,2003,10,484916,486977,971893,126447,108154,234601,611363,595131,1206494
BRISBANE,2003,11,450096,450535,900631,120979,119738,240717,571075,570273,1141348
BRISBANE,2003,12,465771,453220,918991,133710,136033,269743,599481,589253,1188734
BRISBANE,2004,1,451144,464032,915176,145938,133521,279459,597082,597553,1194635
BRISBANE,2004,2,399493,400379,799872,123067,108439,231506,522560,508818,1031378
BRISBANE,2004,3,443845,443036,886881,118736,117430,236166,562581,560466,1123047
BRISBANE,2004,4,447526,449841,897367,126407,127522,253929,573933,577363,1151296
BRISBANE,2004,5,455167,453779,908946,111746,113873,225619,566913,567652,1134565
BRISBANE,2004,6,487534,486038,973572,125154,130083,255237,612688,616121,1228809
BRISBANE,2004,7,525960,520230,1046190,167410,137173,304583,693370,657403,1350773
BRISBANE,2004,8,518861,518738,1037599,139969,152497,292466,658830,671235,1330065
BRISBANE,2004,9,525569,519429,1044998,144519,148738,293257,670088,668167,1338255
BRISBANE,2004,10,531941,532369,1064310,156042,136006,292048,687983,668375,1356358
BRISBANE,2004,11,479936,482399,962335,137086,143505,280591,617022,625904,1242926
BRISBANE,2004,12,494880,487296,982176,156210,165410,321620,651090,652706,1303796
BRISBANE,2005,1,476811,485077,961888,172833,148247,321080,649644,633324,1282968
BRISBANE,2005,2,427048,424654,851702,137119,122375,259494,564167,547029,1111196
BRISBANE,2005,3,494050,494916,988966,142566,142294,284860,636616,637210,1273826
BRISBANE,2005,4,496980,489936,986916,140291,136337,276628,637271,626273,1263544
BRISBANE,2005,5,485899,481767,967666,125447,133992,259439,611346,615759,1227105
BRISBANE,2005,6,491185,488242,979427,144975,152816,297791,636160,641058,1277218
BRISBANE,2005,7,539245,536424,1075669,189482,151473,340955,728727,687897,1416624
BRISBANE,2005,8,522706,521713,1044419,153890,169943,323833,676596,691656,1368252
BRISBANE,2005,9,550868,539080,1089948,163503,156909,320412,714371,695989,1410360
BRISBANE,2005,10,548918,551949,1100867,160991,149945,310936,709909,701894,1411803
BRISBANE,2005,11,506546,508244,1014790,135876,147514,283390,642422,655758,1298180
BRISBANE,2005,12,525357,514994,1040351,160149,167723,327872,685506,682717,1368223
BRISBANE,2006,1,504222,512289,1016511,179252,152623,331875,683474,664912,1348386
BRISBANE,2006,2,440691,440713,881404,138900,126649,265549,579591,567362,1146953
BRISBANE,2006,3,506433,503723,1010156,136253,136404,272657,642686,640127,1282813
BRISBANE,2006,4,522638,519592,1042230,148833,152560,301393,671471,672152,1343623
BRISBANE,2006,5,510539,505398,1015937,129506,135405,264911,640045,640803,1280848
BRISBANE,2006,6,518436,518314,1036750,147740,155368,303108,666176,673682,1339858
BRISBANE,2006,7,585739,577747,1163486,195260,160619,355879,780999,738366,1519365
BRISBANE,2006,8,556298,556104,1112402,156937,174756,331693,713235,730860,1444095
BRISBANE,2006,9,574017,575981,1149998,170627,171001,341628,744644,746982,1491626
BRISBANE,2006,10,611639,608679,1220318,182072,162195,344267,793711,770874,1564585
BRISBANE,2006,11,569319,573220,1142539,150858,154736,305594,720177,727956,1448133
BRISBANE,2006,12,579869,571135,1151004,165788,178972,344760,745657,750107,1495764
BRISBANE,2007,1,556851,563418,1120269,186651,161832,348483,743502,725250,1468752
BRISBANE,2007,2,480880,477533,958413,149653,137565,287218,630533,615098,1245631
BRISBANE,2007,3,552568,548746,1101314,158937,155550,314487,711505,704296,1415801
BRISBANE,2007,4,563962,572267,1136229,157899,160567,318466,721861,732834,1454695
BRISBANE,2007,5,561731,559780,1121511,138687,142402,281089,700418,702182,1402600
BRISBANE,2007,6,556745,559675,1116420,152525,159817,312342,709270,719492,1428762
BRISBANE,2007,7,628929,618481,1247410,184506,165111,349617,813435,783592,1597027
BRISBANE,2007,8,610132,609503,1219635,163817,175834,339651,773949,785337,1559286
BRISBANE,2007,9,608255,603528,1211783,169900,178498,348398,778155,782026,1560181
BRISBANE,2007,10,649094,650621,1299715,181037,160564,341601,830131,811185,1641316
BRISBANE,2007,11,603788,604361,1208149,157226,161692,318918,761014,766053,1527067
BRISBANE,2007,12,622177,609311,1231488,170259,191223,361482,792436,800534,1592970
BRISBANE,2008,1,592205,603755,1195960,195038,164046,359084,787243,767801,1555044
BRISBANE,2008,2,530722,532512,1063234,160434,143781,304215,691156,676293,1367449
BRISBANE,2008,3,595855,594437,1190292,161086,160637,321723,756941,755074,1512015
BRISBANE,2008,4,583018,585281,1168299,152773,153127,305900,735791,738408,1474199
BRISBANE,2008,5,573008,571259,1144267,151828,154565,306393,724836,725824,1450660
BRISBANE,2008,6,563675,568988,1132663,158862,168991,327853,722537,737979,1460516
BRISBANE,2008,7,644222,634201,1278423,202987,171158,374145,847209,805359,1652568
BRISBANE,2008,8,616499,615182,1231681,170672,184812,355484,787171,799994,1587165
BRISBANE,2008,9,635652,626785,1262437,168024,172677,340701,803676,799462,1603138
BRISBANE,2008,10,689184,690787,1379971,185838,162537,348375,875022,853324,1728346
BRISBANE,2008,11,609732,610703,1220435,156695,166190,322885,766427,776893,1543320
BRISBANE,2008,12,648104,631771,1279875,171105,197927,369032,819209,829698,1648907
BRISBANE,2009,1,626445,632882,1259327,205011,172799,377810,831456,805681,1637137
BRISBANE,2009,2,520093,519172,1039265,156061,144635,300696,676154,663807,1339961
BRISBANE,2009,3,594507,593558,1188065,156115,158487,314602,750622,752045,1502667
BRISBANE,2009,4,608593,604520,1213113,161297,173044,334341,769890,777564,1547454
BRISBANE,2009,5,584999,579257,1164256,148025,155486,303511,733024,734743,1467767
BRISBANE,2009,6,569266,568461,1137727,151730,172408,324138,720996,740869,1461865
BRISBANE,2009,7,645966,634920,1280886,199264,172957,372221,845230,807877,1653107
BRISBANE,2009,8,612792,611221,1224013,169620,183377,352997,782412,794598,1577010
BRISBANE,2009,9,637070,631560,1268630,175337,183274,358611,812407,814834,1627241
BRISBANE,2009,10,663699,667650,1331349,191678,172089,363767,855377,839739,1695116
BRISBANE,2009,11,611573,619324,1230897,161768,173891,335659,773341,793215,1566556
BRISBANE,2009,12,633923,624473,1258396,175947,202871,378818,809870,827344,1637214
BRISBANE,2010,1,584635,595191,1179826,203308,173057,376365,787943,768248,1556191
BRISBANE,2010,2,545876,545378,1091254,160009,147233,307242,705885,692611,1398496
BRISBANE,2010,3,605994,603265,1209259,162490,168234,330724,768484,771499,1539983
BRISBANE,2010,4,621672,626921,1248593,161473,166938,328411,783145,793859,1577004
BRISBANE,2010,5,596680,592018,1188698,149297,158209,307506,745977,750227,1496204
BRISBANE,2010,6,609580,612834,1222414,163393,187027,350420,772973,799861,1572834
BRISBANE,2010,7,695302,675766,1371068,220390,188120,408510,915692,863886,1779578
BRISBANE,2010,8,661735,667083,1328818,179247,194188,373435,840982,861271,1702253
BRISBANE,2010,9,687199,679663,1366862,187251,193066,380317,874450,872729,1747179
BRISBANE,2010,10,705758,711488,1417246,197989,178468,376457,903747,889956,1793703
BRISBANE,2010,11,663810,669962,1333772,167586,178601,346187,831396,848563,1679959
BRISBANE,2010,12,696432,683949,1380381,183545,213138,396683,879977,897087,1777064
BRISBANE,2011,1,583192,600245,1183437,216100,179977,396077,799292,780222,1579514
BRISBANE,2011,2,550493,554263,1104756,160230,146869,307099,710723,701132,1411855
BRISBANE,2011,3,639595,638987,1278582,155406,155471,310877,795001,794458,1589459
BRISBANE,2011,4,659295,659943,1319238,170423,184505,354928,829718,844448,1674166
BRISBANE,2011,5,646930,644697,1291627,165542,168888,334430,812472,813585,1626057
BRISBANE,2011,6,625865,632359,1258224,166624,189150,355774,792489,821509,1613998
BRISBANE,2011,7,728844,703758,1432602,230003,191645,421648,958847,895403,1854250
BRISBANE,2011,8,695252,696200,1391452,186412,198789,385201,881664,894989,1776653
BRISBANE,2011,9,707665,694602,1402267,191295,200297,391592,898960,894899,1793859
BRISBANE,2011,10,711157,722627,1433784,216988,183402,400390,928145,906029,1834174
BRISBANE,2011,11,687385,697645,1385030,177310,187609,364919,864695,885254,1749949
BRISBANE,2011,12,713241,694743,1407984,196012,225920,421932,909253,920663,1829916
BRISBANE,2012,1,652897,672445,1325342,230713,186380,417093,883610,858825,1742435
BRISBANE,2012,2,598252,600302,1198554,171310,151617,322927,769562,751919,1521481
BRISBANE,2012,3,685394,684321,1369715,169085,171101,340186,854479,855422,1709901
BRISBANE,2012,4,672498,672012,1344510,180955,181959,362914,853453,853971,1707424
BRISBANE,2012,5,670557,669601,1340158,157384,162873,320257,827941,832474,1660415
BRISBANE,2012,6,658058,664158,1322216,178946,191999,370945,837004,856157,1693161
BRISBANE,2012,7,733530,726697,1460227,220763,184288,405051,954293,910985,1865278
BRISBANE,2012,8,720138,712978,1433116,183399,190788,374187,903537,903766,1807303
BRISBANE,2012,9,719914,713252,1433166,191827,196811,388638,911741,910063,1821804
BRISBANE,2012,10,755041,759021,1514062,212706,180386,393092,967747,939407,1907154
BRISBANE,2012,11,722127,720893,1443020,175100,184029,359129,897227,904922,1802149
BRISBANE,2012,12,717679,699584,1417263,200049,216945,416994,917728,916529,1834257
BRISBANE,2013,1,654088,674779,1328867,222033,181468,403501,876121,856247,1732368
BRISBANE,2013,2,600209,600660,1200869,176148,156465,332613,776357,757125,1533482
BRISBANE,2013,3,676094,669643,1345737,180132,184082,364214,856226,853725,1709951
BRISBANE,2013,4,682036,674360,1356396,183072,174775,357847,865108,849135,1714243
BRISBANE,2013,5,669358,667312,1336670,166381,173192,339573,835739,840504,1676243
BRISBANE,2013,6,667894,684459,1352353,186576,201564,388140,854470,886023,1740493
BRISBANE,2013,7,762731,745224,1507955,234492,190947,425439,997223,936171,1933394
BRISBANE,2013,8,729675,720843,1450518,202091,209981,412072,931766,930824,1862590
BRISBANE,2013,9,721283,714519,1435802,203232,209090,412322,924515,923609,1848124
BRISBANE,2013,10,768788,774774,1543562,225003,188766,413769,993791,963540,1957331
BRISBANE,2013,11,718088,718447,1436535,184757,192166,376923,902845,910613,1813458
BRISBANE,2013,12,750551,729882,1480433,209001,233727,442728,959552,963609,1923161
BRISBANE,2014,1,683604,688577,1372181,243665,197869,441534,927269,886446,1813715
BRISBANE,2014,2,611754,613347,1225101,184183,168744,352927,795937,782091,1578028
BRISBANE,2014,3,697430,695026,1392456,182017,180736,362753,879447,875762,1755209
BRISBANE,2014,4,717116,713104,1430220,203052,203842,406894,920168,916946,1837114
BRISBANE,2014,5,690348,686761,1377109,181007,186442,367449,871355,873203,1744558
BRISBANE,2014,6,677315,684118,1361433,185947,207236,393183,863262,891354,1754616
BRISBANE,2014,7,767925,756240,1524165,247977,207772,455749,1015902,964012,1979914
BRISBANE,2014,8,724926,719873,1444799,213173,223083,436256,938099,942956,1881055
BRISBANE,2014,9,723998,723032,1447030,216209,214891,431100,940207,937923,1878130
BRISBANE,2014,10,776924,780848,1557772,234133,204479,438612,1011057,985327,1996384
BRISBANE,2014,11,693076,696103,1389179,197992,207211,405203,891068,903314,1794382
BRISBANE,2014,12,739816,721575,1461391,221355,251966,473321,961171,973541,1934712
BRISBANE,2015,1,649819,670411,1320230,259107,217528,476635,908926,887939,1796865
BRISBANE,2015,2,594295,594204,1188499,204702,186053,390755,798997,780257,1579254
BRISBANE,2015,3,697493,691926,1389419,205557,209665,415222,903050,901591,1804641
BRISBANE,2015,4,691971,694729,1386700,205882,212965,418847,897853,907694,1805547
BRISBANE,2015,5,668512,665042,1333554,189075,198431,387506,857587,863473,1721060
BRISBANE,2015,6,665708,666152,1331860,194338,219792,414130,860046,885944,1745990
BRISBANE,2015,7,772477,755862,1528339,246477,216603,463080,1018954,972465,1991419
BRISBANE,2015,8,701345,703706,1405051,217948,232266,450214,919293,935972,1855265
BRISBANE,2015,9,734237,724209,1458446,222465,226764,449229,956702,950973,1907675
BRISBANE,2015,10,752480,761055,1513535,242288,216271,458559,994768,977326,1972094
BRISBANE,2015,11,716798,726921,1443719,202450,210900,413350,919248,937821,1857069
BRISBANE,2015,12,754152,733470,1487622,232652,268343,500995,986804,1001813,1988617
BRISBANE,2016,1,668003,684524,1352527,272608,233848,506456,940611,918372,1858983
BRISBANE,2016,2,627222,628947,1256169,212385,196486,408871,839607,825433,1665040
BRISBANE,2016,3,710475,717302,1427777,207898,219618,427516,918373,936920,1855293
BRISBANE,2016,4,698082,690470,1388552,212414,207393,419807,910496,897863,1808359
BRISBANE,2016,5,684637,680157,1364794,192720,200906,393626,877357,881063,1758420
BRISBANE,2016,6,686183,685336,1371519,201824,228594,430418,888007,913930,1801937
BRISBANE,2016,7,774563,759615,1534178,265175,226192,491367,1039738,985807,2025545
BRISBANE,2016,8,717033,719211,1436244,221238,238799,460037,938271,958010,1896281
BRISBANE,2016,9,751149,738748,1489897,235700,237262,472962,986849,976010,1962859
BRISBANE,2016,10,745465,757564,1503029,251916,231523,483439,997381,989087,1986468
BRISBANE,2016,11,715585,722357,1437942,212287,226400,438687,927872,948757,1876629
BRISBANE,2016,12,760279,732945,1493224,242936,273622,516558,1003215,1006567,2009782
BRISBANE,2017,1,679191,700014,1379205,280306,243488,523794,959497,943502,1902999
BRISBANE,2017,2,603110,607321,1210431,217270,195290,412560,820380,802611,1622991
BRISBANE,2017,3,704824,700905,1405729,215447,224530,439977,920271,925435,1845706
BRISBANE,2017,4,700334,701979,1402313,236642,240158,476800,936976,942137,1879113
BRISBANE,2017,5,693729,679803,1373532,207596,219433,427029,901325,899236,1800561
BRISBANE,2017,6,692620,694779,1387399,216431,240442,456873,909051,935221,1844272
BRISBANE,2017,7,785638,777468,1563106,272272,237677,509949,1057910,1015145,2073055
BRISBANE,2017,8,732144,735371,1467515,233723,250234,483957,965867,985605,1951472
BRISBANE,2017,9,757027,737443,1494470,245888,248264,494152,1002915,985707,1988622
BRISBANE,2017,10,764991,789151,1554142,260136,234779,494915,1025127,1023930,2049057
BRISBANE,2017,11,738661,741905,1480566,222363,235437,457800,961024,977342,1938366
BRISBANE,2017,12,763468,738050,1501518,257004,294531,551535,1020472,1032581,2053053
BRISBANE,2018,1,681869,696460,1378329,296079,248966,545045,977948,945426,1923374
BRISBANE,2018,2,627502,632036,1259538,231627,211703,443330,859129,843739,1702868
BRISBANE,2018,3,732614,724871,1457485,241454,245843,487297,974068,970714,1944782
BRISBANE,2018,4,702211,701528,1403739,243330,247399,490729,945541,948927,1894468
BRISBANE,2018,5,705597,704367,1409964,222438,234141,456579,928035,938508,1866543
BRISBANE,2018,6,684834,679775,1364609,230782,257206,487988,915616,936981,1852597
BRISBANE,2018,7,803426,793303,1596729,297336,255284,552620,1100762,1048587,2149349
BRISBANE,2018,8,756649,754898,1511547,256833,277712,534545,1013482,1032610,2046092
BRISBANE,2018,9,732027,722595,1454622,257304,271474,528778,989331,994069,1983400
BRISBANE,2018,10,775645,787653,1563298,284433,248094,532527,1060078,1035747,2095825
BRISBANE,2018,11,745591,744689,1490280,231942,246721,478663,977533,991410,1968943
BRISBANE,2018,12,744079,720310,1464389,265519,308614,574133,1009598,1028924,2038522
BRISBANE,2019,1,680091,694414,1374505,317314,268620,585934,997405,963034,1960439
BRISBANE,2019,2,616250,622404,1238654,242960,216993,459953,859210,839397,1698607
BRISBANE,2019,3,716941,707741,1424682,236208,242477,478685,953149,950218,1903367
BRISBANE,2019,4,729676,729399,1459075,253286,268696,521982,982962,998095,1981057
BRISBANE,2019,5,713574,705242,1418816,239373,246644,486017,952947,951886,1904833
BRISBANE,2019,6,688110,690716,1378826,242225,271760,513985,930335,962476,1892811
BRISBANE,2019,7,807079,791137,1598216,313718,267968,581686,1120797,1059105,2179902
BRISBANE,2019,8,767014,761185,1528199,272091,295442,567533,1039105,1056627,2095732
BRISBANE,2019,9,760862,757044,1517906,262254,278326,540580,1023116,1035370,2058486
BRISBANE,2019,10,807162,817472,1624634,295301,259813,555114,1102463,1077285,2179748
BRISBANE,2019,11,746493,752828,1499321,255212,266720,521932,1001705,1019548,2021253
BRISBANE,2019,12,773116,744192,1517308,284412,327751,612163,1057528,1071943,2129471
BRISBANE,2020,1,707885,734476,1442361,333471,283668,617139,1041356,1018144,2059500
BRISBANE,2020,2,606981,612685,1219666,223875,197282,421157,830856,809967,1640823
BRISBANE,2020,3,445000,440149,885149,138690,125177,263867,583690,565326,1149016
BRISBANE,2020,4,26799,28101,54900,2379,6582,8961,29178,34683,63861
BRISBANE,2020,5,32659,32637,65296,1809,2679,4488,34468,35316,69784
BRISBANE,2020,6,71393,76000,147393,4496,5537,10033,75889,81537,157426
BRISBANE,2020,7,180038,171365,351403,3985,7081,11066,184023,178446,362469
BRISBANE,2020,8,140987,146225,287212,2853,8057,10910,143840,154282,298122
BRISBANE,2020,9,154735,156829,311564,2123,5762,7885,156858,162591,319449
BRISBANE,2020,10,193051,184825,377876,5315,7184,12499,198366,192009,390375
BRISBANE,2020,11,217430,224522,441952,4601,4844,9445,222031,229366,451397
BRISBANE,2020,12,414477,387548,802025,5302,5539,10841,419779,393087,812866
BRISBANE,2021,1,267902,283907,551809,4659,5284,9943,272561,289191,561752
BRISBANE,2021,2,298130,300469,598599,4586,4144,8730,302716,304613,607329
BRISBANE,2021,3,427648,425920,853568,6444,3936,10380,434092,429856,863948
BRISBANE,2021,4,429654,437156,866810,9980,11642,21622,439634,448798,888432
BRISBANE,2021,5,511000,503556,1014556,25723,22710,48433,536723,526266,1062989
BRISBANE,2021,6,430307,432858,863165,28021,24882,52903,458328,457740,916068
BRISBANE,2021,7,249494,245299,494793,19956,21025,40981,269450,266324,535774
BRISBANE,2021,8,121497,122053,243550,5549,4909,10458,127046,126962,254008
BRISBANE,2021,9,218867,223494,442361,3420,4240,7660,222287,227734,450021
BRISBANE,2021,10,234056,228529,462585,3399,4891,8290,237455,233420,470875
BRISBANE,2021,11,250852,253869,504721,2578,7419,9997,253430,261288,514718
BRISBANE,2021,12,395624,366513,762137,4454,14148,18602,400078,380661,780739
BRISBANE,2022,1,344849,354577,699426,13581,11602,25183,358430,366179,724609
BRISBANE,2022,2,353768,356813,710581,29642,16900,46542,383410,373713,757123
BRISBANE,2022,3,512295,519705,1032000,44992,40392,85384,557287,560097,1117384
BRISBANE,2022,4,656158,657024,1313182,75699,78551,154250,731857,735575,1467432
BRISBANE,2022,5,634184,628422,1262606,84015,90484,174499,718199,718906,1437105
BRISBANE,2022,6,654731,657804,1312535,96894,110899,207793,751625,768703,1520328
BRISBANE,2022,7,697055,686837,1383892,141980,131641,273621,839035,818478,1657513
BRISBANE,2022,8,642861,638494,1281355,139711,135646,275357,782572,774140,1556712
CAIRNS,2000,1,74969,77009,151978,23591,24206,47797,98560,101215,199775
CAIRNS,2000,2,68766,70218,138984,26080,23720,49800,94846,93938,188784
CAIRNS,2000,3,77908,74469,152377,25976,28293,54269,103884,102762,206646
CAIRNS,2000,4,83733,81871,165604,25685,25901,51586,109418,107772,217190
CAIRNS,2000,5,81817,80717,162534,24323,27257,51580,106140,107974,214114
CAIRNS,2000,6,93137,88277,181414,27172,25797,52969,120309,114074,234383
CAIRNS,2000,7,99629,100779,200408,32551,30177,62728,132180,130956,263136
CAIRNS,2000,8,102831,103926,206757,32279,35487,67766,135110,139413,274523
CAIRNS,2000,9,98930,98331,197261,24942,27067,52009,123872,125398,249270
CAIRNS,2000,10,100948,102358,203306,32754,29142,61896,133702,131500,265202
CAIRNS,2000,11,94273,96497,190770,32630,32793,65423,126903,129290,256193
CAIRNS,2000,12,88659,92661,181320,33287,29023,62310,121946,121684,243630
CAIRNS,2001,1,86942,93079,180021,29986,29195,59181,116928,122274,239202
CAIRNS,2001,2,66792,68751,135543,26454,24322,50776,93246,93073,186319
CAIRNS,2001,3,83956,82159,166115,29354,29556,58910,113310,111715,225025
CAIRNS,2001,4,90295,89082,179377,26027,27165,53192,116322,116247,232569
CAIRNS,2001,5,83488,84024,167512,24651,27175,51826,108139,111199,219338
CAIRNS,2001,6,92745,88592,181337,27756,27252,55008,120501,115844,236345
CAIRNS,2001,7,107043,105953,212996,29037,28446,57483,136080,134399,270479
CAIRNS,2001,8,99359,103004,202363,31795,34133,65928,131154,137137,268291
CAIRNS,2001,9,76837,76931,153768,26640,27707,54347,103477,104638,208115
CAIRNS,2001,10,72155,71607,143762,25650,24925,50575,97805,96532,194337
CAIRNS,2001,11,73927,76171,150098,26151,26647,52798,100078,102818,202896
CAIRNS,2001,12,75914,76387,152301,30451,24643,55094,106365,101030,207395
CAIRNS,2002,1,72663,77322,149985,28140,28915,57055,100803,106237,207040
CAIRNS,2002,2,65592,69309,134901,28950,25119,54069,94542,94428,188970
CAIRNS,2002,3,81376,79454,160830,33218,31235,64453,114594,110689,225283
CAIRNS,2002,4,80108,81251,161359,29253,29918,59171,109361,111169,220530
CAIRNS,2002,5,80502,78574,159076,28581,30130,58711,109083,108704,217787
CAIRNS,2002,6,87111,83316,170427,31758,29190,60948,118869,112506,231375
CAIRNS,2002,7,103269,101612,204881,33028,31489,64517,136297,133101,269398
CAIRNS,2002,8,102352,103651,206003,34601,38315,72916,136953,141966,278919
CAIRNS,2002,9,95435,91084,186519,30969,32670,63639,126404,123754,250158
CAIRNS,2002,10,98936,99129,198065,37340,32436,69776,136276,131565,267841
CAIRNS,2002,11,90423,91004,181427,35324,36121,71445,125747,127125,252872
CAIRNS,2002,12,87834,86336,174170,35910,33646,69556,123744,119982,243726
CAIRNS,2003,1,83214,86166,169380,35904,34735,70639,119118,120901,240019
CAIRNS,2003,2,70041,71162,141203,30925,30161,61086,100966,101323,202289
CAIRNS,2003,3,80613,79654,160267,32065,34794,66859,112678,114448,227126
CAIRNS,2003,4,85346,85705,171051,25439,27552,52991,110785,113257,224042
CAIRNS,2003,5,85471,86450,171921,19872,20728,40600,105343,107178,212521
CAIRNS,2003,6,92877,90182,183059,24576,23926,48502,117453,114108,231561
CAIRNS,2003,7,106400,105555,211955,30875,27413,58288,137275,132968,270243
CAIRNS,2003,8,104445,107698,212143,33926,34964,68890,138371,142662,281033
CAIRNS,2003,9,105899,105095,210994,32204,33713,65917,138103,138808,276911
CAIRNS,2003,10,106050,110315,216365,37089,32070,69159,143139,142385,285524
CAIRNS,2003,11,97735,99030,196765,36673,35911,72584,134408,134941,269349
CAIRNS,2003,12,100837,100626,201463,36271,34775,71046,137108,135401,272509
CAIRNS,2004,1,97476,105594,203070,36512,33924,70436,133988,139518,273506
CAIRNS,2004,2,77679,80087,157766,31776,28575,60351,109455,108662,218117
CAIRNS,2004,3,89539,90388,179927,33226,32978,66204,122765,123366,246131
CAIRNS,2004,4,101639,101778,203417,33354,32588,65942,134993,134366,269359
CAIRNS,2004,5,101940,101511,203451,32391,33545,65936,134331,135056,269387
CAIRNS,2004,6,114284,109924,224208,33390,32658,66048,147674,142582,290256
CAIRNS,2004,7,129466,131067,260533,38695,33214,71909,168161,164281,332442
CAIRNS,2004,8,127024,127915,254939,36293,41467,77760,163317,169382,332699
CAIRNS,2004,9,118540,116277,234817,37392,35464,72856,155932,151741,307673
CAIRNS,2004,10,118559,122517,241076,40935,37819,78754,159494,160336,319830
CAIRNS,2004,11,104582,109183,213765,39793,39791,79584,144375,148974,293349
CAIRNS,2004,12,103297,102325,205622,36863,34203,71066,140160,136528,276688
CAIRNS,2005,1,100664,105591,206255,39113,37860,76973,139777,143451,283228
CAIRNS,2005,2,90431,92571,183002,33076,33019,66095,123507,125590,249097
CAIRNS,2005,3,109542,107989,217531,38099,38431,76530,147641,146420,294061
CAIRNS,2005,4,109152,109133,218285,29976,30847,60823,139128,139980,279108
CAIRNS,2005,5,108763,108002,216765,28700,33264,61964,137463,141266,278729
CAIRNS,2005,6,123203,117056,240259,33002,30829,63831,156205,147885,304090
CAIRNS,2005,7,140786,143051,283837,38578,33760,72338,179364,176811,356175
CAIRNS,2005,8,140265,142281,282546,37629,43419,81048,177894,185700,363594
CAIRNS,2005,9,134205,132259,266464,38153,37265,75418,172358,169524,341882
CAIRNS,2005,10,128731,134052,262783,38776,35016,73792,167507,169068,336575
CAIRNS,2005,11,115642,118686,234328,38753,38455,77208,154395,157141,311536
CAIRNS,2005,12,116343,114549,230892,39929,36235,76164,156272,150784,307056
CAIRNS,2006,1,109322,115807,225129,40753,37480,78233,150075,153287,303362
CAIRNS,2006,2,89954,93536,183490,33353,32784,66137,123307,126320,249627
CAIRNS,2006,3,103418,103831,207249,35895,36073,71968,139313,139904,279217
CAIRNS,2006,4,114125,113803,227928,30899,31554,62453,145024,145357,290381
CAIRNS,2006,5,111451,111521,222972,28134,30388,58522,139585,141909,281494
CAIRNS,2006,6,127372,120239,247611,31871,30797,62668,159243,151036,310279
CAIRNS,2006,7,152746,152101,304847,31715,28879,60594,184461,180980,365441
CAIRNS,2006,8,142571,143914,286485,33113,36214,69327,175684,180128,355812
CAIRNS,2006,9,139296,137101,276397,33115,33425,66540,172411,170526,342937
CAIRNS,2006,10,141271,142201,283472,35112,31890,67002,176383,174091,350474
CAIRNS,2006,11,128939,130771,259710,32947,32541,65488,161886,163312,325198
CAIRNS,2006,12,121345,120442,241787,32552,30225,62777,153897,150667,304564
CAIRNS,2007,1,114541,120259,234800,31947,31554,63501,146488,151813,298301
CAIRNS,2007,2,102018,104313,206331,31309,27251,58560,133327,131564,264891
CAIRNS,2007,3,114595,113666,228261,30931,31172,62103,145526,144838,290364
CAIRNS,2007,4,120698,119999,240697,24694,25400,50094,145392,145399,290791
CAIRNS,2007,5,119278,116025,235303,23019,25929,48948,142297,141954,284251
CAIRNS,2007,6,131431,122998,254429,28136,26594,54730,159567,149592,309159
CAIRNS,2007,7,153718,153644,307362,32162,28765,60927,185880,182409,368289
CAIRNS,2007,8,145711,146989,292700,32731,34249,66980,178442,181238,359680
CAIRNS,2007,9,138720,134939,273659,28902,31021,59923,167622,165960,333582
CAIRNS,2007,10,144025,145052,289077,32098,29828,61926,176123,174880,351003
CAIRNS,2007,11,128781,130751,259532,30043,29487,59530,158824,160238,319062
CAIRNS,2007,12,123626,120637,244263,27776,27050,54826,151402,147687,299089
CAIRNS,2008,1,119673,125682,245355,27273,27304,54577,146946,152986,299932
CAIRNS,2008,2,107846,111227,219073,27046,23068,50114,134892,134295,269187
CAIRNS,2008,3,121225,121503,242728,27253,26655,53908,148478,148158,296636
CAIRNS,2008,4,119711,118512,238223,21768,23184,44952,141479,141696,283175
CAIRNS,2008,5,123664,121531,245195,22058,22571,44629,145722,144102,289824
CAIRNS,2008,6,135208,128860,264068,21931,21696,43627,157139,150556,307695
CAIRNS,2008,7,154430,154544,308974,26328,23019,49347,180758,177563,358321
CAIRNS,2008,8,148631,150384,299015,28985,31144,60129,177616,181528,359144
CAIRNS,2008,9,143994,136825,280819,24527,26023,50550,168521,162848,331369
CAIRNS,2008,10,146699,150828,297527,28320,24734,53054,175019,175562,350581
CAIRNS,2008,11,128202,129691,257893,24266,24527,48793,152468,154218,306686
CAIRNS,2008,12,129256,125045,254301,20631,21150,41781,149887,146195,296082
CAIRNS,2009,1,130359,138023,268382,18537,16984,35521,148896,155007,303903
CAIRNS,2009,2,102988,106588,209576,15352,14234,29586,118340,120822,239162
CAIRNS,2009,3,118938,118160,237098,18198,17539,35737,137136,135699,272835
CAIRNS,2009,4,128098,127789,255887,16231,15879,32110,144329,143668,287997
CAIRNS,2009,5,120353,121254,241607,14333,15001,29334,134686,136255,270941
CAIRNS,2009,6,126032,121247,247279,14746,14498,29244,140778,135745,276523
CAIRNS,2009,7,155297,153463,308760,17755,16377,34132,173052,169840,342892
CAIRNS,2009,8,142390,147829,290219,18813,19954,38767,161203,167783,328986
CAIRNS,2009,9,141266,135231,276497,18699,18824,37523,159965,154055,314020
CAIRNS,2009,10,144382,145780,290162,18559,17194,35753,162941,162974,325915
CAIRNS,2009,11,130274,131348,261622,16111,16589,32700,146385,147937,294322
CAIRNS,2009,12,124533,121771,246304,18047,16349,34396,142580,138120,280700
CAIRNS,2010,1,115618,122164,237782,16968,16811,33779,132586,138975,271561
CAIRNS,2010,2,109475,113285,222760,18708,15744,34452,128183,129029,257212
CAIRNS,2010,3,117633,114623,232256,18641,18119,36760,136274,132742,269016
CAIRNS,2010,4,123075,126177,249252,19035,19013,38048,142110,145190,287300
CAIRNS,2010,5,120298,118481,238779,16586,18067,34653,136884,136548,273432
CAIRNS,2010,6,138996,129471,268467,17905,18512,36417,156901,147983,304884
CAIRNS,2010,7,159579,160532,320111,24341,20546,44887,183920,181078,364998
CAIRNS,2010,8,149446,153659,303105,24728,27474,52202,174174,181133,355307
CAIRNS,2010,9,155627,146363,301990,24691,24656,49347,180318,171019,351337
CAIRNS,2010,10,155810,161684,317494,23636,21613,45249,179446,183297,362743
CAIRNS,2010,11,137290,140552,277842,22274,22039,44313,159564,162591,322155
CAIRNS,2010,12,145414,138845,284259,22953,22813,45766,168367,161658,330025
CAIRNS,2011,1,129363,135005,264368,22107,22050,44157,151470,157055,308525
CAIRNS,2011,2,107247,110367,217614,18556,16331,34887,125803,126698,252501
CAIRNS,2011,3,120947,121066,242013,19990,19163,39153,140937,140229,281166
CAIRNS,2011,4,138443,134419,272862,18519,18859,37378,156962,153278,310240
CAIRNS,2011,5,130729,130933,261662,17356,18504,35860,148085,149437,297522
CAIRNS,2011,6,146939,138109,285048,19085,18693,37778,166024,156802,322826
CAIRNS,2011,7,168361,169448,337809,26916,22192,49108,195277,191640,386917
CAIRNS,2011,8,155585,161361,316946,25287,27519,52806,180872,188880,369752
CAIRNS,2011,9,152813,144176,296989,23082,24708,47790,175895,168884,344779
CAIRNS,2011,10,152406,159147,311553,23564,21727,45291,175970,180874,356844
CAIRNS,2011,11,136771,140387,277158,19625,19528,39153,156396,159915,316311
CAIRNS,2011,12,141033,136042,277075,20453,20258,40711,161486,156300,317786
CAIRNS,2012,1,137858,145152,283010,20310,19523,39833,158168,164675,322843
CAIRNS,2012,2,109778,114481,224259,19335,17247,36582,129113,131728,260841
CAIRNS,2012,3,129302,127120,256422,20417,20853,41270,149719,147973,297692
CAIRNS,2012,4,143393,143788,287181,19108,19012,38120,162501,162800,325301
CAIRNS,2012,5,137338,134226,271564,17032,18281,35313,154370,152507,306877
CAIRNS,2012,6,154180,144376,298556,18641,19582,38223,172821,163958,336779
CAIRNS,2012,7,174535,179859,354394,24553,20007,44560,199088,199866,398954
CAIRNS,2012,8,161718,168050,329768,25790,27104,52894,187508,195154,382662
CAIRNS,2012,9,162460,154247,316707,22772,24224,46996,185232,178471,363703
CAIRNS,2012,10,166184,177593,343777,23142,20398,43540,189326,197991,387317
CAIRNS,2012,11,151728,157888,309616,23103,23068,46171,174831,180956,355787
CAIRNS,2012,12,150197,143744,293941,23186,24671,47857,173383,168415,341798
CAIRNS,2013,1,139922,152258,292180,23084,21479,44563,163006,173737,336743
CAIRNS,2013,2,123938,128914,252852,21829,20189,42018,145767,149103,294870
CAIRNS,2013,3,133590,128582,262172,21533,21190,42723,155123,149772,304895
CAIRNS,2013,4,144224,151242,295466,18953,18806,37759,163177,170048,333225
CAIRNS,2013,5,136268,134823,271091,15953,17390,33343,152221,152213,304434
CAIRNS,2013,6,165711,152438,318149,16920,18395,35315,182631,170833,353464
CAIRNS,2013,7,184689,193806,378495,24150,19409,43559,208839,213215,422054
CAIRNS,2013,8,175719,181971,357690,24696,27564,52260,200415,209535,409950
CAIRNS,2013,9,174335,166530,340865,20101,21374,41475,194436,187904,382340
CAIRNS,2013,10,171668,182915,354583,22144,18929,41073,193812,201844,395656
CAIRNS,2013,11,150984,155655,306639,17798,18220,36018,168782,173875,342657
CAIRNS,2013,12,165079,159070,324149,20333,21652,41985,185412,180722,366134
CAIRNS,2014,1,160822,172757,333579,23911,20221,44132,184733,192978,377711
CAIRNS,2014,2,126598,135121,261719,20129,19117,39246,146727,154238,300965
CAIRNS,2014,3,135222,137603,272825,19065,18792,37857,154287,156395,310682
CAIRNS,2014,4,156096,155713,311809,14670,16394,31064,170766,172107,342873
CAIRNS,2014,5,140494,140629,281123,13715,15252,28967,154209,155881,310090
CAIRNS,2014,6,157186,146090,303276,15273,16675,31948,172459,162765,335224
CAIRNS,2014,7,190882,193790,384672,23638,18074,41712,214520,211864,426384
CAIRNS,2014,8,176583,183251,359834,23182,26286,49468,199765,209537,409302
CAIRNS,2014,9,176654,165752,342406,19242,22088,41330,195896,187840,383736
CAIRNS,2014,10,175380,184351,359731,21715,18589,40304,197095,202940,400035
CAIRNS,2014,11,154640,159052,313692,16906,17259,34165,171546,176311,347857
CAIRNS,2014,12,171023,161710,332733,19374,21343,40717,190397,183053,373450
CAIRNS,2015,1,152476,165203,317679,22204,20752,42956,174680,185955,360635
CAIRNS,2015,2,140012,144177,284189,24375,20661,45036,164387,164838,329225
CAIRNS,2015,3,142490,140180,282670,19341,21334,40675,161831,161514,323345
CAIRNS,2015,4,155106,159990,315096,18491,19824,38315,173597,179814,353411
CAIRNS,2015,5,145872,144667,290539,17628,19137,36765,163500,163804,327304
CAIRNS,2015,6,166490,152862,319352,17394,19542,36936,183884,172404,356288
CAIRNS,2015,7,192616,197402,390018,28199,23289,51488,220815,220691,441506
CAIRNS,2015,8,181781,189008,370789,27312,30336,57648,209093,219344,428437
CAIRNS,2015,9,180672,171210,351882,23846,26196,50042,204518,197406,401924
CAIRNS,2015,10,178571,187352,365923,25590,23096,48686,204161,210448,414609
CAIRNS,2015,11,165109,167707,332816,21836,23067,44903,186945,190774,377719
CAIRNS,2015,12,182390,171966,354356,24899,27384,52283,207289,199350,406639
CAIRNS,2016,1,166392,180143,346535,28354,25600,53954,194746,205743,400489
CAIRNS,2016,2,147359,150684,298043,29128,28700,57828,176487,179384,355871
CAIRNS,2016,3,161725,158261,319986,26429,29816,56245,188154,188077,376231
CAIRNS,2016,4,158962,163293,322255,25976,25867,51843,184938,189160,374098
CAIRNS,2016,5,153667,154045,307712,18986,22772,41758,172653,176817,349470
CAIRNS,2016,6,177835,162796,340631,20267,23078,43345,198102,185874,383976
CAIRNS,2016,7,205259,208746,414005,28946,24878,53824,234205,233624,467829
CAIRNS,2016,8,189152,195768,384920,28342,33282,61624,217494,229050,446544
CAIRNS,2016,9,191670,182330,374000,27185,29632,56817,218855,211962,430817
CAIRNS,2016,10,190492,197416,387908,27703,26910,54613,218195,224326,442521
CAIRNS,2016,11,171693,174915,346608,23821,26864,50685,195514,201779,397293
CAIRNS,2016,12,188179,177439,365618,28437,31320,59757,216616,208759,425375
CAIRNS,2017,1,179645,190243,369888,31070,29762,60832,210715,220005,430720
CAIRNS,2017,2,136709,142652,279361,24322,24762,49084,161031,167414,328445
CAIRNS,2017,3,159059,158396,317455,27174,30646,57820,186233,189042,375275
CAIRNS,2017,4,181848,180316,362164,24815,27684,52499,206663,208000,414663
CAIRNS,2017,5,155382,157929,313311,19798,24128,43926,175180,182057,357237
CAIRNS,2017,6,173798,161089,334887,22086,24497,46583,195884,185586,381470
CAIRNS,2017,7,208892,213575,422467,31200,26249,57449,240092,239824,479916
CAIRNS,2017,8,190495,196881,387376,30565,36935,67500,221060,233816,454876
CAIRNS,2017,9,192190,182477,374667,27687,28833,56520,219877,211310,431187
CAIRNS,2017,10,193857,204903,398760,27636,27173,54809,221493,232076,453569
CAIRNS,2017,11,174737,176302,351039,24211,27170,51381,198948,203472,402420
CAIRNS,2017,12,187915,179021,366936,29556,34214,63770,217471,213235,430706
CAIRNS,2018,1,174815,189015,363830,33610,29869,63479,208425,218884,427309
CAIRNS,2018,2,148120,153832,301952,29756,28672,58428,177876,182504,360380
CAIRNS,2018,3,166498,160548,327046,28706,30677,59383,195204,191225,386429
CAIRNS,2018,4,169060,177203,346263,24471,25518,49989,193531,202721,396252
CAIRNS,2018,5,160164,161252,321416,20491,23509,44000,180655,184761,365416
CAIRNS,2018,6,172358,162744,335102,22089,23370,45459,194447,186114,380561
CAIRNS,2018,7,210462,214490,424952,32402,27031,59433,242864,241521,484385
CAIRNS,2018,8,196958,203255,400213,33261,36904,70165,230219,240159,470378
CAIRNS,2018,9,186993,181215,368208,26298,27264,53562,213291,208479,421770
CAIRNS,2018,10,191602,202568,394170,28446,26124,54570,220048,228692,448740
CAIRNS,2018,11,169838,173124,342962,22546,22310,44856,192384,195434,387818
CAIRNS,2018,12,182221,174912,357133,28415,30812,59227,210636,205724,416360
CAIRNS,2019,1,165466,182593,348059,35119,28466,63585,200585,211059,411644
CAIRNS,2019,2,137677,144222,281899,30795,25815,56610,168472,170037,338509
CAIRNS,2019,3,148353,148820,297173,27643,27018,54661,175996,175838,351834
CAIRNS,2019,4,174165,174537,348702,26308,26781,53089,200473,201318,401791
CAIRNS,2019,5,155803,156734,312537,21257,24427,45684,177060,181161,358221
CAIRNS,2019,6,165242,156860,322102,22586,22671,45257,187828,179531,367359
CAIRNS,2019,7,202599,207474,410073,32703,26768,59471,235302,234242,469544
CAIRNS,2019,8,186770,193366,380136,31853,35300,67153,218623,228666,447289
CAIRNS,2019,9,179272,175399,354671,27488,27903,55391,206760,203302,410062
CAIRNS,2019,10,186674,198083,384757,29088,24945,54033,215762,223028,438790
CAIRNS,2019,11,166611,170095,336706,21997,22149,44146,188608,192244,380852
CAIRNS,2019,12,178108,171434,349542,25408,27336,52744,203516,198770,402286
CAIRNS,2020,1,167386,180829,348215,28638,24465,53103,196024,205294,401318
CAIRNS,2020,2,112318,121118,233436,24070,19120,43190,136388,140238,276626
CAIRNS,2020,3,87371,93860,181231,10976,10079,21055,98347,103939,202286
CAIRNS,2020,4,3459,3967,7426,30,24,54,3489,3991,7480
CAIRNS,2020,5,4457,4324,8781,37,55,92,4494,4379,8873
CAIRNS,2020,6,13751,12639,26390,102,144,246,13853,12783,26636
CAIRNS,2020,7,54621,49769,104390,53,72,125,54674,49841,104515
CAIRNS,2020,8,47105,50717,97822,79,58,137,47184,50775,97959
CAIRNS,2020,9,63478,61080,124558,94,68,162,63572,61148,124720
CAIRNS,2020,10,64549,68830,133379,130,108,238,64679,68938,133617
CAIRNS,2020,11,61386,63214,124600,367,96,463,61753,63310,125063
CAIRNS,2020,12,104291,92785,197076,250,106,356,104541,92891,197432
CAIRNS,2021,1,81168,94999,176167,267,127,394,81435,95126,176561
CAIRNS,2021,2,61052,61666,122718,184,104,288,61236,61770,123006
CAIRNS,2021,3,96171,89306,185477,171,47,218,96342,89353,185695
CAIRNS,2021,4,139312,137320,276632,0,0,0,139312,137320,276632
CAIRNS,2021,5,138197,136872,275069,0,0,0,138197,136872,275069
CAIRNS,2021,6,136235,124787,261022,283,275,558,136518,125062,261580
CAIRNS,2021,7,105136,122044,227180,434,550,984,105570,122594,228164
CAIRNS,2021,8,42963,46215,89178,0,0,0,42963,46215,89178
CAIRNS,2021,9,82306,78141,160447,0,0,0,82306,78141,160447
CAIRNS,2021,10,80925,85901,166826,0,3,3,80925,85904,166829
CAIRNS,2021,11,76280,79303,155583,0,19,19,76280,79322,155602
CAIRNS,2021,12,117425,98493,215918,0,26,26,117425,98519,215944
CAIRNS,2022,1,101593,119639,221232,0,68,68,101593,119707,221300
CAIRNS,2022,2,74950,73920,148870,0,111,111,74950,74031,148981
CAIRNS,2022,3,112705,109426,222131,107,250,357,112812,109676,222488
CAIRNS,2022,4,176984,170675,347659,1597,1374,2971,178581,172049,350630
CAIRNS,2022,5,152773,152054,304827,2277,3020,5297,155050,155074,310124
CAIRNS,2022,6,181033,165059,346092,4037,5344,9381,185070,170403,355473
CAIRNS,2022,7,188524,196632,385156,10314,8022,18336,198838,204654,403492
CAIRNS,2022,8,173475,178869,352344,11323,10614,21937,184798,189483,374281
DARWIN,2000,1,33972,29811,63783,6403,4728,11131,40375,34539,74914
DARWIN,2000,2,27201,26831,54032,5025,4114,9139,32226,30945,63171
DARWIN,2000,3,32183,31415,63598,4930,5206,10136,37113,36621,73734
DARWIN,2000,4,35802,34770,70572,5888,6080,11968,41690,40850,82540
DARWIN,2000,5,40676,37764,78440,5909,6255,12164,46585,44019,90604
DARWIN,2000,6,44145,44100,88245,7096,8097,15193,51241,52197,103438
DARWIN,2000,7,46309,47010,93319,10825,7917,18742,57134,54927,112061
DARWIN,2000,8,47013,48122,95135,8668,8945,17613,55681,57067,112748
DARWIN,2000,9,41137,44505,85642,8258,7395,15653,49395,51900,101295
DARWIN,2000,10,39001,41570,80571,10237,7477,17714,49238,49047,98285
DARWIN,2000,11,33128,33936,67064,8042,7437,15479,41170,41373,82543
DARWIN,2000,12,29701,36482,66183,6632,7932,14564,36333,44414,80747
DARWIN,2001,1,37668,33221,70889,7579,6309,13888,45247,39530,84777
DARWIN,2001,2,26328,26069,52397,5208,4100,9308,31536,30169,61705
DARWIN,2001,3,31618,31164,62782,5582,5356,10938,37200,36520,73720
DARWIN,2001,4,35099,35020,70119,5812,5973,11785,40911,40993,81904
DARWIN,2001,5,39094,38120,77214,6369,6841,13210,45463,44961,90424
DARWIN,2001,6,42266,42017,84283,6381,7015,13396,48647,49032,97679
DARWIN,2001,7,50348,50352,100700,9376,7228,16604,59724,57580,117304
DARWIN,2001,8,44751,47888,92639,7589,8294,15883,52340,56182,108522
DARWIN,2001,9,32519,34879,67398,8149,6220,14369,40668,41099,81767
DARWIN,2001,10,28425,29793,58218,8206,5546,13752,36631,35339,71970
DARWIN,2001,11,26393,28035,54428,5417,5026,10443,31810,33061,64871
DARWIN,2001,12,25025,31654,56679,3401,4646,8047,28426,36300,64726
DARWIN,2002,1,32525,27341,59866,4841,3710,8551,37366,31051,68417
DARWIN,2002,2,25960,26439,52399,3298,3043,6341,29258,29482,58740
DARWIN,2002,3,32474,31955,64429,3936,4230,8166,36410,36185,72595
DARWIN,2002,4,34426,32452,66878,3825,3657,7482,38251,36109,74360
DARWIN,2002,5,39144,37849,76993,3866,4931,8797,43010,42780,85790
DARWIN,2002,6,43022,41172,84194,4271,5062,9333,47293,46234,93527
DARWIN,2002,7,51116,51396,102512,5864,5302,11166,56980,56698,113678
DARWIN,2002,8,46819,49364,96183,5132,5933,11065,51951,55297,107248
DARWIN,2002,9,40838,42045,82883,5459,5258,10717,46297,47303,93600
DARWIN,2002,10,38925,41582,80507,5671,3997,9668,44596,45579,90175
DARWIN,2002,11,31300,32944,64244,2954,3133,6087,34254,36077,70331
DARWIN,2002,12,28244,34759,63003,2446,3392,5838,30690,38151,68841
DARWIN,2003,1,32793,28694,61487,3367,2482,5849,36160,31176,67336
DARWIN,2003,2,25510,25846,51356,2511,2268,4779,28021,28114,56135
DARWIN,2003,3,30025,29855,59880,2755,2796,5551,32780,32651,65431
DARWIN,2003,4,35057,34290,69347,2549,2836,5385,37606,37126,74732
DARWIN,2003,5,38312,37911,76223,2599,3649,6248,40911,41560,82471
DARWIN,2003,6,45471,42770,88241,3097,3856,6953,48568,46626,95194
DARWIN,2003,7,55069,56114,111183,4310,3979,8289,59379,60093,119472
DARWIN,2003,8,47489,51466,98955,3928,4483,8411,51417,55949,107366
DARWIN,2003,9,41892,42978,84870,3360,3171,6531,45252,46149,91401
DARWIN,2003,10,41463,43018,84481,3840,3054,6894,45303,46072,91375
DARWIN,2003,11,33721,35351,69072,3071,2846,5917,36792,38197,74989
DARWIN,2003,12,31724,37340,69064,2889,3994,6883,34613,41334,75947
DARWIN,2004,1,36637,32208,68845,4087,2935,7022,40724,35143,75867
DARWIN,2004,2,29227,29934,59161,2839,2606,5445,32066,32540,64606
DARWIN,2004,3,35292,35298,70590,2851,3260,6111,38143,38558,76701
DARWIN,2004,4,41292,40937,82229,3083,3398,6481,44375,44335,88710
DARWIN,2004,5,45261,44645,89906,3283,3682,6965,48544,48327,96871
DARWIN,2004,6,51459,49519,100978,4205,4952,9157,55664,54471,110135
DARWIN,2004,7,60352,60952,121304,6569,4862,11431,66921,65814,132735
DARWIN,2004,8,55684,59595,115279,4802,5659,10461,60486,65254,125740
DARWIN,2004,9,49382,50233,99615,5459,4725,10184,54841,54958,109799
DARWIN,2004,10,46239,48233,94472,5647,4072,9719,51886,52305,104191
DARWIN,2004,11,38623,40118,78741,3858,3634,7492,42481,43752,86233
DARWIN,2004,12,37488,43234,80722,3202,4704,7906,40690,47938,88628
DARWIN,2005,1,41115,37222,78337,4964,3344,8308,46079,40566,86645
DARWIN,2005,2,31906,31979,63885,3032,2589,5621,34938,34568,69506
DARWIN,2005,3,40237,39953,80190,3167,3603,6770,43404,43556,86960
DARWIN,2005,4,46488,45678,92166,3230,4079,7309,49718,49757,99475
DARWIN,2005,5,48538,47098,95636,4021,4948,8969,52559,52046,104605
DARWIN,2005,6,55001,52171,107172,4080,4965,9045,59081,57136,116217
DARWIN,2005,7,61640,62249,123889,6845,5062,11907,68485,67311,135796
DARWIN,2005,8,56016,59161,115177,5051,6294,11345,61067,65455,126522
DARWIN,2005,9,47555,48204,95759,4992,4440,9432,52547,52644,105191
DARWIN,2005,10,47928,51472,99400,5451,3809,9260,53379,55281,108660
DARWIN,2005,11,38687,39539,78226,3753,3360,7113,42440,42899,85339
DARWIN,2005,12,36731,43982,80713,3850,5453,9303,40581,49435,90016
DARWIN,2006,1,41040,36170,77210,6099,4253,10352,47139,40423,87562
DARWIN,2006,2,30649,31395,62044,3998,3292,7290,34647,34687,69334
DARWIN,2006,3,37486,37595,75081,3935,4330,8265,41421,41925,83346
DARWIN,2006,4,42178,41903,84081,5186,6019,11205,47364,47922,95286
DARWIN,2006,5,51406,49148,100554,4108,5056,9164,55514,54204,109718
DARWIN,2006,6,56457,54333,110790,5072,6746,11818,61529,61079,122608
DARWIN,2006,7,68177,69954,138131,8020,6217,14237,76197,76171,152368
DARWIN,2006,8,62813,66717,129530,5282,6814,12096,68095,73531,141626
DARWIN,2006,9,54167,56936,111103,5412,5265,10677,59579,62201,121780
DARWIN,2006,10,52100,56346,108446,5778,5050,10828,57878,61396,119274
DARWIN,2006,11,47259,48625,95884,4526,4662,9188,51785,53287,105072
DARWIN,2006,12,43111,50354,93465,4081,7627,11708,47192,57981,105173
DARWIN,2007,1,47442,42150,89592,7515,5243,12758,54957,47393,102350
DARWIN,2007,2,36268,37621,73889,4642,3953,8595,40910,41574,82484
DARWIN,2007,3,44612,44752,89364,4423,4765,9188,49035,49517,98552
DARWIN,2007,4,50485,50503,100988,5298,5447,10745,55783,55950,111733
DARWIN,2007,5,58981,55667,114648,5250,5930,11180,64231,61597,125828
DARWIN,2007,6,63885,60543,124428,5435,7582,13017,69320,68125,137445
DARWIN,2007,7,69489,71555,141044,8937,7175,16112,78426,78730,157156
DARWIN,2007,8,64809,69870,134679,6583,7052,13635,71392,76922,148314
DARWIN,2007,9,57855,59840,117695,6963,7056,14019,64818,66896,131714
DARWIN,2007,10,56541,60186,116727,7989,6389,14378,64530,66575,131105
DARWIN,2007,11,49280,50394,99674,5480,5716,11196,54760,56110,110870
DARWIN,2007,12,50793,58463,109256,6344,10152,16496,57137,68615,125752
DARWIN,2008,1,56039,49192,105231,9631,7481,17112,65670,56673,122343
DARWIN,2008,2,44558,45531,90089,7371,5540,12911,51929,51071,103000
DARWIN,2008,3,53648,53006,106654,6686,6378,13064,60334,59384,119718
DARWIN,2008,4,56679,54760,111439,6612,6826,13438,63291,61586,124877
DARWIN,2008,5,62707,60376,123083,6588,7263,13851,69295,67639,136934
DARWIN,2008,6,68335,65067,133402,7624,9407,17031,75959,74474,150433
DARWIN,2008,7,76454,77715,154169,11910,9344,21254,88364,87059,175423
DARWIN,2008,8,69908,72681,142589,8349,8808,17157,78257,81489,159746
DARWIN,2008,9,62577,62661,125238,8733,8474,17207,71310,71135,142445
DARWIN,2008,10,57756,63184,120940,10344,8187,18531,68100,71371,139471
DARWIN,2008,11,49382,51219,100601,5820,5246,11066,55202,56465,111667
DARWIN,2008,12,45280,50601,95881,5677,9538,15215,50957,60139,111096
DARWIN,2009,1,48063,43362,91425,10356,6373,16729,58419,49735,108154
DARWIN,2009,2,36513,38153,74666,6589,4231,10820,43102,42384,85486
DARWIN,2009,3,44423,43605,88028,5113,5276,10389,49536,48881,98417
DARWIN,2009,4,54008,53083,107091,7744,7085,14829,61752,60168,121920
DARWIN,2009,5,59998,58394,118392,8422,8485,16907,68420,66879,135299
DARWIN,2009,6,66180,65174,131354,8809,9617,18426,74989,74791,149780
DARWIN,2009,7,72086,73153,145239,11331,8167,19498,83417,81320,164737
DARWIN,2009,8,65829,68777,134606,9252,9866,19118,75081,78643,153724
DARWIN,2009,9,62026,62687,124713,9437,8716,18153,71463,71403,142866
DARWIN,2009,10,55456,61195,116651,9885,7547,17432,65341,68742,134083
DARWIN,2009,11,48126,49180,97306,8305,7371,15676,56431,56551,112982
DARWIN,2009,12,47587,50893,98480,6700,11065,17765,54287,61958,116245
DARWIN,2010,1,49033,45706,94739,12438,7021,19459,61471,52727,114198
DARWIN,2010,2,40680,42137,82817,7671,5946,13617,48351,48083,96434
DARWIN,2010,3,52040,51606,103646,7223,6848,14071,59263,58454,117717
DARWIN,2010,4,56009,54454,110463,8722,8067,16789,64731,62521,127252
DARWIN,2010,5,59942,58547,118489,8980,8182,17162,68922,66729,135651
DARWIN,2010,6,68101,64828,132929,9032,10053,19085,77133,74881,152014
DARWIN,2010,7,77612,78928,156540,12432,10236,22668,90044,89164,179208
DARWIN,2010,8,71205,73913,145118,9930,10517,20447,81135,84430,165565
DARWIN,2010,9,68599,69156,137755,10104,9608,19712,78703,78764,157467
DARWIN,2010,10,61561,66232,127793,10326,7948,18274,71887,74180,146067
DARWIN,2010,11,51484,52956,104440,8202,7770,15972,59686,60726,120412
DARWIN,2010,12,51494,58703,110197,7376,12373,19749,58870,71076,129946
DARWIN,2011,1,55293,48768,104061,15893,9594,25487,71186,58362,129548
DARWIN,2011,2,38684,40291,78975,9685,8793,18478,48369,49084,97453
DARWIN,2011,3,50909,51066,101975,10698,9766,20464,61607,60832,122439
DARWIN,2011,4,59134,57886,117020,11843,11649,23492,70977,69535,140512
DARWIN,2011,5,61808,59126,120934,12126,10980,23106,73934,70106,144040
DARWIN,2011,6,66655,63831,130486,11490,12875,24365,78145,76706,154851
DARWIN,2011,7,94294,94188,188482,17228,16951,34179,111522,111139,222661
DARWIN,2011,8,82073,86379,168452,14244,16475,30719,96317,102854,199171
DARWIN,2011,9,76464,75476,151940,14384,16426,30810,90848,91902,182750
DARWIN,2011,10,74984,77772,152756,16324,16065,32389,91308,93837,185145
DARWIN,2011,11,66991,67348,134339,14519,16635,31154,81510,83983,165493
DARWIN,2011,12,63483,71878,135361,12214,20078,32292,75697,91956,167653
DARWIN,2012,1,68388,60334,128722,19497,14371,33868,87885,74705,162590
DARWIN,2012,2,53813,55491,109304,13713,12071,25784,67526,67562,135088
DARWIN,2012,3,63537,62277,125814,12657,13290,25947,76194,75567,151761
DARWIN,2012,4,67753,65371,133124,13086,14062,27148,80839,79433,160272
DARWIN,2012,5,68975,67402,136377,12099,12321,24420,81074,79723,160797
DARWIN,2012,6,78831,73034,151865,12603,15897,28500,91434,88931,180365
DARWIN,2012,7,86207,88760,174967,17574,15555,33129,103781,104315,208096
DARWIN,2012,8,77942,81287,159229,13355,14200,27555,91297,95487,186784
DARWIN,2012,9,71178,72489,143667,12534,12692,25226,83712,85181,168893
DARWIN,2012,10,64444,70909,135353,14405,12751,27156,78849,83660,162509
DARWIN,2012,11,59865,63198,123063,11167,12510,23677,71032,75708,146740
DARWIN,2012,12,55534,66863,122397,9045,17259,26304,64579,84122,148701
DARWIN,2013,1,62540,57093,119633,15897,12096,27993,78437,69189,147626
DARWIN,2013,2,46455,51578,98033,11276,10209,21485,57731,61787,119518
DARWIN,2013,3,64627,62391,127018,11665,12739,24404,76292,75130,151422
DARWIN,2013,4,70025,67143,137168,13150,13090,26240,83175,80233,163408
DARWIN,2013,5,69754,66386,136140,11902,12238,24140,81656,78624,160280
DARWIN,2013,6,77202,73766,150968,11490,14233,25723,88692,87999,176691
DARWIN,2013,7,85730,91046,176776,17711,15892,33603,103441,106938,210379
DARWIN,2013,8,78518,86863,165381,14709,16044,30753,93227,102907,196134
DARWIN,2013,9,77078,76640,153718,15175,14947,30122,92253,91587,183840
DARWIN,2013,10,76345,84183,160528,16029,14077,30106,92374,98260,190634
DARWIN,2013,11,62843,66689,129532,12889,13846,26735,75732,80535,156267
DARWIN,2013,12,62425,72740,135165,10761,21152,31913,73186,93892,167078
DARWIN,2014,1,68673,59642,128315,20907,13760,34667,89580,73402,162982
DARWIN,2014,2,51884,54504,106388,12288,10867,23155,64172,65371,129543
DARWIN,2014,3,62953,62152,125105,12264,11944,24208,75217,74096,149313
DARWIN,2014,4,74805,72966,147771,10904,11950,22854,85709,84916,170625
DARWIN,2014,5,74481,73042,147523,11129,12017,23146,85610,85059,170669
DARWIN,2014,6,90436,84191,174627,12073,15491,27564,102509,99682,202191
DARWIN,2014,7,94921,97274,192195,16732,14403,31135,111653,111677,223330
DARWIN,2014,8,87423,91411,178834,14429,15917,30346,101852,107328,209180
DARWIN,2014,9,79779,81259,161038,13861,13879,27740,93640,95138,188778
DARWIN,2014,10,78438,83022,161460,14688,12566,27254,93126,95588,188714
DARWIN,2014,11,66034,68759,134793,10563,11258,21821,76597,80017,156614
DARWIN,2014,12,62920,77493,140413,8816,15964,24780,71736,93457,165193
DARWIN,2015,1,69503,57368,126871,15839,9890,25729,85342,67258,152600
DARWIN,2015,2,52098,53095,105193,10012,8779,18791,62110,61874,123984
DARWIN,2015,3,65149,63427,128576,9928,10166,20094,75077,73593,148670
DARWIN,2015,4,74927,71880,146807,10371,9647,20018,85298,81527,166825
DARWIN,2015,5,76197,73855,150052,10489,10953,21442,86686,84808,171494
DARWIN,2015,6,88982,83047,172029,10295,12773,23068,99277,95820,195097
DARWIN,2015,7,97542,100915,198457,14992,12248,27240,112534,113163,225697
DARWIN,2015,8,85948,91755,177703,11491,12008,23499,97439,103763,201202
DARWIN,2015,9,82773,82494,165267,10797,10482,21279,93570,92976,186546
DARWIN,2015,10,75128,81496,156624,11222,9569,20791,86350,91065,177415
DARWIN,2015,11,67178,68458,135636,9269,9372,18641,76447,77830,154277
DARWIN,2015,12,60543,75501,136044,8199,13996,22195,68742,89497,158239
DARWIN,2016,1,69963,56451,126414,14691,10021,24712,84654,66472,151126
DARWIN,2016,2,53598,54994,108592,9106,7612,16718,62704,62606,125310
DARWIN,2016,3,66369,66209,132578,8824,9100,17924,75193,75309,150502
DARWIN,2016,4,73084,71795,144879,9808,10021,19829,82892,81816,164708
DARWIN,2016,5,77991,74579,152570,10481,11275,21756,88472,85854,174326
DARWIN,2016,6,90624,84174,174798,10734,13149,23883,101358,97323,198681
DARWIN,2016,7,97118,98221,195339,15791,13694,29485,112909,111915,224824
DARWIN,2016,8,86449,93385,179834,12553,12772,25325,99002,106157,205159
DARWIN,2016,9,82167,83178,165345,11777,12080,23857,93944,95258,189202
DARWIN,2016,10,81098,85102,166200,12234,11149,23383,93332,96251,189583
DARWIN,2016,11,69322,70127,139449,9560,9637,19197,78882,79764,158646
DARWIN,2016,12,63916,77790,141706,8924,17076,26000,72840,94866,167706
DARWIN,2017,1,73163,61620,134783,17466,11510,28976,90629,73130,163759
DARWIN,2017,2,53766,54788,108554,10799,7972,18771,64565,62760,127325
DARWIN,2017,3,67319,65572,132891,9524,9890,19414,76843,75462,152305
DARWIN,2017,4,73820,73730,147550,11407,11660,23067,85227,85390,170617
DARWIN,2017,5,77086,72354,149440,10377,10756,21133,87463,83110,170573
DARWIN,2017,6,89615,83613,173228,11386,14142,25528,101001,97755,198756
DARWIN,2017,7,96791,99647,196438,14671,13244,27915,111462,112891,224353
DARWIN,2017,8,90820,93937,184757,11606,12589,24195,102426,106526,208952
DARWIN,2017,9,80377,81831,162208,11525,10651,22176,91902,92482,184384
DARWIN,2017,10,78841,82495,161336,11330,10565,21895,90171,93060,183231
DARWIN,2017,11,68432,70673,139105,9446,9662,19108,77878,80335,158213
DARWIN,2017,12,63841,75420,139261,8449,14230,22679,72290,89650,161940
DARWIN,2018,1,71306,60705,132011,15625,10304,25929,86931,71009,157940
DARWIN,2018,2,52433,53191,105624,8919,7364,16283,61352,60555,121907
DARWIN,2018,3,64602,65239,129841,7718,8106,15824,72320,73345,145665
DARWIN,2018,4,72393,70218,142611,9102,9005,18107,81495,79223,160718
DARWIN,2018,5,76202,74029,150231,7979,8184,16163,84181,82213,166394
DARWIN,2018,6,84518,80484,165002,9976,10931,20907,94494,91415,185909
DARWIN,2018,7,96710,100013,196723,10465,9930,20395,107175,109943,217118
DARWIN,2018,8,86310,91491,177801,10085,10455,20540,96395,101946,198341
DARWIN,2018,9,81111,82002,163113,9327,9011,18338,90438,91013,181451
DARWIN,2018,10,74963,80197,155160,9424,8537,17961,84387,88734,173121
DARWIN,2018,11,62541,64400,126941,8426,8618,17044,70967,73018,143985
DARWIN,2018,12,59703,70480,130183,7985,13115,21100,67688,83595,151283
DARWIN,2019,1,65415,56170,121585,13501,9880,23381,78916,66050,144966
DARWIN,2019,2,51741,52055,103796,9136,6754,15890,60877,58809,119686
DARWIN,2019,3,60587,59296,119883,7932,7402,15334,68519,66698,135217
DARWIN,2019,4,73370,70662,144032,10018,10067,20085,83388,80729,164117
DARWIN,2019,5,73588,71246,144834,10481,11013,21494,84069,82259,166328
DARWIN,2019,6,83691,79376,163067,10830,12907,23737,94521,92283,186804
DARWIN,2019,7,93885,97733,191618,14178,11800,25978,108063,109533,217596
DARWIN,2019,8,85090,90369,175459,12323,12564,24887,97413,102933,200346
DARWIN,2019,9,77127,78844,155971,11655,11409,23064,88782,90253,179035
DARWIN,2019,10,74434,79762,154196,11996,9762,21758,86430,89524,175954
DARWIN,2019,11,60776,63808,124584,9006,9238,18244,69782,73046,142828
DARWIN,2019,12,60593,67842,128435,7543,14635,22178,68136,82477,150613
DARWIN,2020,1,64657,56560,121217,15026,10712,25738,79683,67272,146955
DARWIN,2020,2,48141,50081,98222,8685,5674,14359,56826,55755,112581
DARWIN,2020,3,41355,39999,81354,4342,2910,7252,45697,42909,88606
DARWIN,2020,4,3401,3309,6710,0,0,0,3401,3309,6710
DARWIN,2020,5,3014,2736,5750,0,0,0,3014,2736,5750
DARWIN,2020,6,6728,6568,13296,0,0,0,6728,6568,13296
DARWIN,2020,7,14237,12332,26569,0,0,0,14237,12332,26569
DARWIN,2020,8,19355,19061,38416,0,0,0,19355,19061,38416
DARWIN,2020,9,25754,24295,50049,0,0,0,25754,24295,50049
DARWIN,2020,10,31623,33532,65155,0,0,0,31623,33532,65155
DARWIN,2020,11,31186,33267,64453,63,4,67,31249,33271,64520
DARWIN,2020,12,38497,45294,83791,8,0,8,38505,45294,83799
DARWIN,2021,1,40399,38445,78844,0,0,0,40399,38445,78844
DARWIN,2021,2,27246,29308,56554,0,0,0,27246,29308,56554
DARWIN,2021,3,41072,41479,82551,0,0,0,41072,41479,82551
DARWIN,2021,4,58960,57078,116038,0,0,0,58960,57078,116038
DARWIN,2021,5,64413,62995,127408,0,0,0,64413,62995,127408
DARWIN,2021,6,59264,60502,119766,0,0,0,59264,60502,119766
DARWIN,2021,7,45513,45924,91437,0,0,0,45513,45924,91437
DARWIN,2021,8,38962,45706,84668,0,0,0,38962,45706,84668
DARWIN,2021,9,47195,50023,97218,0,0,0,47195,50023,97218
DARWIN,2021,10,44302,51407,95709,0,0,0,44302,51407,95709
DARWIN,2021,11,27062,31216,58278,887,181,1068,27949,31397,59346
DARWIN,2021,12,27859,36036,63895,1003,679,1682,28862,36715,65577
DARWIN,2022,1,33550,27956,61506,1128,672,1800,34678,28628,63306
DARWIN,2022,2,25989,27998,53987,1800,858,2658,27789,28856,56645
DARWIN,2022,3,43814,44414,88228,2796,1979,4775,46610,46393,93003
DARWIN,2022,4,69585,67980,137565,4633,4999,9632,74218,72979,147197
DARWIN,2022,5,74594,70583,145177,5768,6601,12369,80362,77184,157546
DARWIN,2022,6,87873,78844,166717,6072,7727,13799,93945,86571,180516
DARWIN,2022,7,93673,97593,191266,8642,7711,16353,102315,105304,207619
DARWIN,2022,8,77807,83209,161016,7483,6757,14240,85290,89966,175256
GOLD COAST,2000,1,96104,101751,197855,701,602,1303,96805,102353,199158
GOLD COAST,2000,2,70442,77352,147794,641,565,1206,71083,77917,149000
GOLD COAST,2000,3,77682,80019,157701,862,656,1518,78544,80675,159219
GOLD COAST,2000,4,77186,82481,159667,1422,1287,2709,78608,83768,162376
GOLD COAST,2000,5,67987,69974,137961,1040,812,1852,69027,70786,139813
GOLD COAST,2000,6,76324,74566,150890,1616,1252,2868,77940,75818,153758
GOLD COAST,2000,7,74069,73852,147921,1513,1428,2941,75582,75280,150862
GOLD COAST,2000,8,74701,77624,152325,1552,1422,2974,76253,79046,155299
GOLD COAST,2000,9,80469,79768,160237,1771,1552,3323,82240,81320,163560
GOLD COAST,2000,10,74081,76593,150674,1525,1662,3187,75606,78255,153861
GOLD COAST,2000,11,66798,70537,137335,815,882,1697,67613,71419,139032
GOLD COAST,2000,12,79916,77296,157212,1140,1420,2560,81056,78716,159772
GOLD COAST,2001,1,89274,95226,184500,1916,1456,3372,91190,96682,187872
GOLD COAST,2001,2,63719,69937,133656,925,1358,2283,64644,71295,135939
GOLD COAST,2001,3,83185,83592,166777,1250,1028,2278,84435,84620,169055
GOLD COAST,2001,4,76290,78902,155192,1652,1624,3276,77942,80526,158468
GOLD COAST,2001,5,72375,76344,148719,1597,1243,2840,73972,77587,151559
GOLD COAST,2001,6,80222,79439,159661,1674,1394,3068,81896,80833,162729
GOLD COAST,2001,7,84294,84761,169055,1725,1702,3427,86019,86463,172482
GOLD COAST,2001,8,79610,82342,161952,1506,1567,3073,81116,83909,165025
GOLD COAST,2001,9,66079,65851,131930,1932,1925,3857,68011,67776,135787
GOLD COAST,2001,10,55802,59036,114838,1599,1855,3454,57401,60891,118292
GOLD COAST,2001,11,61544,62176,123720,2024,2030,4054,63568,64206,127774
GOLD COAST,2001,12,72227,69824,142051,3131,3468,6599,75358,73292,148650
GOLD COAST,2002,1,75993,81268,157261,3720,3810,7530,79713,85078,164791
GOLD COAST,2002,2,60523,65176,125699,2875,2736,5611,63398,67912,131310
GOLD COAST,2002,3,70604,70324,140928,4248,3690,7938,74852,74014,148866
GOLD COAST,2002,4,66459,68343,134802,3681,3512,7193,70140,71855,141995
GOLD COAST,2002,5,61235,62536,123771,3808,3370,7178,65043,65906,130949
GOLD COAST,2002,6,71822,71342,143164,3773,3146,6919,75595,74488,150083
GOLD COAST,2002,7,90261,91009,181270,4771,4547,9318,95032,95556,190588
GOLD COAST,2002,8,84527,86575,171102,4422,4619,9041,88949,91194,180143
GOLD COAST,2002,9,91867,89528,181395,4888,5130,10018,96755,94658,191413
GOLD COAST,2002,10,95704,98753,194457,5058,5222,10280,100762,103975,204737
GOLD COAST,2002,11,77199,79050,156249,7588,7171,14759,84787,86221,171008
GOLD COAST,2002,12,91110,86626,177736,7984,9358,17342,99094,95984,195078
GOLD COAST,2003,1,95798,100198,195996,5116,5388,10504,100914,105586,206500
GOLD COAST,2003,2,75336,76214,151550,4336,4215,8551,79672,80429,160101
GOLD COAST,2003,3,81758,82944,164702,6050,5250,11300,87808,88194,176002
GOLD COAST,2003,4,81607,82352,163959,5969,5881,11850,87576,88233,175809
GOLD COAST,2003,5,74586,75359,149945,5646,5157,10803,80232,80516,160748
GOLD COAST,2003,6,77318,75893,153211,6428,5836,12264,83746,81729,165475
GOLD COAST,2003,7,86770,86623,173393,7563,6282,13845,94333,92905,187238
GOLD COAST,2003,8,78233,79078,157311,6372,6545,12917,84605,85623,170228
GOLD COAST,2003,9,92932,91194,184126,7102,6895,13997,100034,98089,198123
GOLD COAST,2003,10,101543,103650,205193,6142,6443,12585,107685,110093,217778
GOLD COAST,2003,11,100313,102391,202704,4488,5372,9860,104801,107763,212564
GOLD COAST,2003,12,109118,105317,214435,4795,5667,10462,113913,110984,224897
GOLD COAST,2004,1,117455,123164,240619,5066,4704,9770,122521,127868,250389
GOLD COAST,2004,2,91847,92046,183893,4569,4838,9407,96416,96884,193300
GOLD COAST,2004,3,97526,97617,195143,5519,5198,10717,103045,102815,205860
GOLD COAST,2004,4,95892,95152,191044,5665,5521,11186,101557,100673,202230
GOLD COAST,2004,5,100764,100700,201464,5667,5405,11072,106431,106105,212536
GOLD COAST,2004,6,108343,108954,217297,5870,5691,11561,114213,114645,228858
GOLD COAST,2004,7,120613,121374,241987,6390,5798,12188,127003,127172,254175
GOLD COAST,2004,8,118597,120184,238781,6273,6618,12891,124870,126802,251672
GOLD COAST,2004,9,120639,118801,239440,6353,6948,13301,126992,125749,252741
GOLD COAST,2004,10,126616,128888,255504,6392,6373,12765,133008,135261,268269
GOLD COAST,2004,11,114316,116280,230596,4389,5269,9658,118705,121549,240254
GOLD COAST,2004,12,122425,119627,242052,5401,6491,11892,127826,126118,253944
GOLD COAST,2005,1,142956,147919,290875,6037,5999,12036,148993,153918,302911
GOLD COAST,2005,2,117695,118550,236245,6263,6064,12327,123958,124614,248572
GOLD COAST,2005,3,133934,132698,266632,7424,8000,15424,141358,140698,282056
GOLD COAST,2005,4,131193,128432,259625,7717,7048,14765,138910,135480,274390
GOLD COAST,2005,5,121751,122623,244374,7901,7419,15320,129652,130042,259694
GOLD COAST,2005,6,119289,116927,236216,8528,8349,16877,127817,125276,253093
GOLD COAST,2005,7,143596,143481,287077,10997,10163,21160,154593,153644,308237
GOLD COAST,2005,8,133132,131014,264146,10430,10914,21344,143562,141928,285490
GOLD COAST,2005,9,143969,138770,282739,10735,10773,21508,154704,149543,304247
GOLD COAST,2005,10,150219,153029,303248,9899,11501,21400,160118,164530,324648
GOLD COAST,2005,11,134410,136466,270876,5985,6939,12924,140395,143405,283800
GOLD COAST,2005,12,148859,142032,290891,8875,9563,18438,157734,151595,309329
GOLD COAST,2006,1,158953,165184,324137,9751,9457,19208,168704,174641,343345
GOLD COAST,2006,2,122184,122877,245061,7273,8160,15433,129457,131037,260494
GOLD COAST,2006,3,133373,131014,264387,8435,8245,16680,141808,139259,281067
GOLD COAST,2006,4,134850,138157,273007,8022,7866,15888,142872,146023,288895
GOLD COAST,2006,5,120690,122955,243645,6573,6558,13131,127263,129513,256776
GOLD COAST,2006,6,129558,125754,255312,7122,6259,13381,136680,132013,268693
GOLD COAST,2006,7,151730,151528,303258,9502,8701,18203,161232,160229,321461
GOLD COAST,2006,8,142204,144126,286330,8496,8619,17115,150700,152745,303445
GOLD COAST,2006,9,152204,151995,304199,9361,9849,19210,161565,161844,323409
GOLD COAST,2006,10,162074,164517,326591,7412,8162,15574,169486,172679,342165
GOLD COAST,2006,11,147021,148381,295402,6352,6957,13309,153373,155338,308711
GOLD COAST,2006,12,150312,151717,302029,7837,8472,16309,158149,160189,318338
GOLD COAST,2007,1,166569,168854,335423,9915,9226,19141,176484,178080,354564
GOLD COAST,2007,2,139387,140736,280123,6084,6774,12858,145471,147510,292981
GOLD COAST,2007,3,154028,155149,309177,7704,6928,14632,161732,162077,323809
GOLD COAST,2007,4,146931,150343,297274,8079,7897,15976,155010,158240,313250
GOLD COAST,2007,5,138302,138719,277021,7312,6950,14262,145614,145669,291283
GOLD COAST,2007,6,135250,132959,268209,8579,7652,16231,143829,140611,284440
GOLD COAST,2007,7,153338,151693,305031,9202,9031,18233,162540,160724,323264
GOLD COAST,2007,8,154761,155047,309808,8932,8905,17837,163693,163952,327645
GOLD COAST,2007,9,164030,161410,325440,9567,9740,19307,173597,171150,344747
GOLD COAST,2007,10,173982,174415,348397,7915,8658,16573,181897,183073,364970
GOLD COAST,2007,11,164695,165832,330527,9607,9760,19367,174302,175592,349894
GOLD COAST,2007,12,176228,173168,349396,11860,14485,26345,188088,187653,375741
GOLD COAST,2008,1,187923,191933,379856,14999,13704,28703,202922,205637,408559
GOLD COAST,2008,2,172039,172211,344250,10812,10019,20831,182851,182230,365081
GOLD COAST,2008,3,189370,188743,378113,11725,10663,22388,201095,199406,400501
GOLD COAST,2008,4,161945,164870,326815,12113,10886,22999,174058,175756,349814
GOLD COAST,2008,5,170327,169308,339635,12431,11993,24424,182758,181301,364059
GOLD COAST,2008,6,163229,161766,324995,12092,11993,24085,175321,173759,349080
GOLD COAST,2008,7,184991,184190,369181,15357,14199,29556,200348,198389,398737
GOLD COAST,2008,8,172221,172941,345162,13320,13258,26578,185541,186199,371740
GOLD COAST,2008,9,172240,167446,339686,14060,13564,27624,186300,181010,367310
GOLD COAST,2008,10,175844,177533,353377,18505,16423,34928,194349,193956,388305
GOLD COAST,2008,11,167421,171418,338839,16681,16336,33017,184102,187754,371856
GOLD COAST,2008,12,173175,170268,343443,20801,23210,44011,193976,193478,387454
GOLD COAST,2009,1,195206,199577,394783,27096,24424,51520,222302,224001,446303
GOLD COAST,2009,2,154912,155895,310807,22327,20925,43252,177239,176820,354059
GOLD COAST,2009,3,176763,175727,352490,24079,23976,48055,200842,199703,400545
GOLD COAST,2009,4,176219,177224,353443,23212,22039,45251,199431,199263,398694
GOLD COAST,2009,5,165641,166003,331644,23809,25504,49313,189450,191507,380957
GOLD COAST,2009,6,156077,153760,309837,20573,21830,42403,176650,175590,352240
GOLD COAST,2009,7,182386,181734,364120,25121,23157,48278,207507,204891,412398
GOLD COAST,2009,8,179302,176975,356277,27415,29116,56531,206717,206091,412808
GOLD COAST,2009,9,188200,182860,371060,30521,31368,61889,218721,214228,432949
GOLD COAST,2009,10,193845,197470,391315,30399,31251,61650,224244,228721,452965
GOLD COAST,2009,11,178007,179600,357607,30037,32235,62272,208044,211835,419879
GOLD COAST,2009,12,179311,173742,353053,31049,34869,65918,210360,208611,418971
GOLD COAST,2010,1,194353,200699,395052,34977,33841,68818,229330,234540,463870
GOLD COAST,2010,2,181699,179840,361539,31244,31266,62510,212943,211106,424049
GOLD COAST,2010,3,198637,194526,393163,35150,36218,71368,233787,230744,464531
GOLD COAST,2010,4,193045,197697,390742,31212,29531,60743,224257,227228,451485
GOLD COAST,2010,5,181410,182011,363421,26191,28175,54366,207601,210186,417787
GOLD COAST,2010,6,181333,177531,358864,27027,28564,55591,208360,206095,414455
GOLD COAST,2010,7,208794,210106,418900,33974,29982,63956,242768,240088,482856
GOLD COAST,2010,8,193943,195166,389109,34085,37628,71713,228028,232794,460822
GOLD COAST,2010,9,211674,201192,412866,32551,35732,68283,244225,236924,481149
GOLD COAST,2010,10,207738,213135,420873,33635,33355,66990,241373,246490,487863
GOLD COAST,2010,11,200935,204002,404937,30669,35394,66063,231604,239396,471000
GOLD COAST,2010,12,214564,205921,420485,34186,42082,76268,248750,248003,496753
GOLD COAST,2011,1,232797,249492,482289,41804,37522,79326,274601,287014,561615
GOLD COAST,2011,2,168188,173197,341385,32924,31144,64068,201112,204341,405453
GOLD COAST,2011,3,185830,187395,373225,32255,30531,62786,218085,217926,436011
GOLD COAST,2011,4,192240,187386,379626,27558,26353,53911,219798,213739,433537
GOLD COAST,2011,5,170531,173866,344397,26231,27520,53751,196762,201386,398148
GOLD COAST,2011,6,164516,161764,326280,21118,23467,44585,185634,185231,370865
GOLD COAST,2011,7,197540,193552,391092,28041,25173,53214,225581,218725,444306
GOLD COAST,2011,8,180526,179493,360019,30677,31499,62176,211203,210992,422195
GOLD COAST,2011,9,194819,184970,379789,24972,28808,53780,219791,213778,433569
GOLD COAST,2011,10,201561,206303,407864,31390,28441,59831,232951,234744,467695
GOLD COAST,2011,11,192047,193521,385568,28281,30597,58878,220328,224118,444446
GOLD COAST,2011,12,211701,198065,409766,31054,38503,69557,242755,236568,479323
GOLD COAST,2012,1,218113,225797,443910,37778,34394,72172,255891,260191,516082
GOLD COAST,2012,2,176145,181526,357671,31505,29558,61063,207650,211084,418734
GOLD COAST,2012,3,198257,194928,393185,31081,32987,64068,229338,227915,457253
GOLD COAST,2012,4,193298,198991,392289,30159,28698,58857,223457,227689,451146
GOLD COAST,2012,5,169383,168416,337799,24579,24653,49232,193962,193069,387031
GOLD COAST,2012,6,173581,169033,342614,29426,32750,62176,203007,201783,404790
GOLD COAST,2012,7,203728,206186,409914,40614,34658,75272,244342,240844,485186
GOLD COAST,2012,8,193980,195043,389023,36010,37046,73056,229990,232089,462079
GOLD COAST,2012,9,227752,215788,443540,33105,38179,71284,260857,253967,514824
GOLD COAST,2012,10,226551,236294,462845,39394,36229,75623,265945,272523,538468
GOLD COAST,2012,11,213335,215989,429324,35806,36323,72129,249141,252312,501453
GOLD COAST,2012,12,230683,222088,452771,39944,49548,89492,270627,271636,542263
GOLD COAST,2013,1,227975,237676,465651,46240,41993,88233,274215,279669,553884
GOLD COAST,2013,2,176245,181560,357805,37372,33017,70389,213617,214577,428194
GOLD COAST,2013,3,201349,198297,399646,37409,39839,77248,238758,238136,476894
GOLD COAST,2013,4,202809,210613,413422,34455,31352,65807,237264,241965,479229
GOLD COAST,2013,5,170309,172736,343045,30224,30757,60981,200533,203493,404026
GOLD COAST,2013,6,178104,177383,355487,29774,33248,63022,207878,210631,418509
GOLD COAST,2013,7,211763,213706,425469,38532,32125,70657,250295,245831,496126
GOLD COAST,2013,8,197325,199710,397035,35168,36545,71713,232493,236255,468748
GOLD COAST,2013,9,220798,208414,429212,32323,36023,68346,253121,244437,497558
GOLD COAST,2013,10,229553,237503,467056,38248,34129,72377,267801,271632,539433
GOLD COAST,2013,11,197351,201785,399136,33713,34421,68134,231064,236206,467270
GOLD COAST,2013,12,229436,219869,449305,39707,48291,87998,269143,268160,537303
GOLD COAST,2014,1,233478,248687,482165,49373,43639,93012,282851,292326,575177
GOLD COAST,2014,2,175850,180341,356191,38138,35156,73294,213988,215497,429485
GOLD COAST,2014,3,196731,198767,395498,37933,37464,75397,234664,236231,470895
GOLD COAST,2014,4,199982,201778,401760,35779,32787,68566,235761,234565,470326
GOLD COAST,2014,5,176988,177180,354168,31216,29173,60389,208204,206353,414557
GOLD COAST,2014,6,176731,174501,351232,31391,34036,65427,208122,208537,416659
GOLD COAST,2014,7,213989,214951,428940,41936,35206,77142,255925,250157,506082
GOLD COAST,2014,8,199892,203361,403253,35563,37014,72577,235455,240375,475830
GOLD COAST,2014,9,219163,209110,428273,33293,35862,69155,252456,244972,497428
GOLD COAST,2014,10,235350,240190,475540,38397,34072,72469,273747,274262,548009
GOLD COAST,2014,11,205695,206609,412304,33719,35565,69284,239414,242174,481588
GOLD COAST,2014,12,233645,224884,458529,38278,45981,84259,271923,270865,542788
GOLD COAST,2015,1,228760,247455,476215,47430,40477,87907,276190,287932,564122
GOLD COAST,2015,2,176481,180128,356609,35098,32950,68048,211579,213078,424657
GOLD COAST,2015,3,201680,198263,399943,37413,35449,72862,239093,233712,472805
GOLD COAST,2015,4,204814,211335,416149,37202,34068,71270,242016,245403,487419
GOLD COAST,2015,5,182778,184034,366812,34086,31677,65763,216864,215711,432575
GOLD COAST,2015,6,186821,179078,365899,32051,36170,68221,218872,215248,434120
GOLD COAST,2015,7,223508,227796,451304,49303,40515,89818,272811,268311,541122
GOLD COAST,2015,8,205291,207141,412432,37253,37977,75230,242544,245118,487662
GOLD COAST,2015,9,233558,221191,454749,40579,42342,82921,274137,263533,537670
GOLD COAST,2015,10,236242,241794,478036,45123,40934,86057,281365,282728,564093
GOLD COAST,2015,11,212679,218157,430836,38050,40108,78158,250729,258265,508994
GOLD COAST,2015,12,242367,230040,472407,45218,51494,96712,287585,281534,569119
GOLD COAST,2016,1,247220,268967,516187,52344,43905,96249,299564,312872,612436
GOLD COAST,2016,2,197007,202951,399958,42775,36302,79077,239782,239253,479035
GOLD COAST,2016,3,219004,218426,437430,46336,44337,90673,265340,262763,528103
GOLD COAST,2016,4,213036,219439,432475,45883,39557,85440,258919,258996,517915
GOLD COAST,2016,5,190164,193810,383974,40725,37346,78071,230889,231156,462045
GOLD COAST,2016,6,195060,186355,381415,40144,43653,83797,235204,230008,465212
GOLD COAST,2016,7,232007,236570,468577,59466,47514,106980,291473,284084,575557
GOLD COAST,2016,8,210580,215272,425852,47794,48410,96204,258374,263682,522056
GOLD COAST,2016,9,236038,225191,461229,48322,48558,96880,284360,273749,558109
GOLD COAST,2016,10,241097,246926,488023,48289,44655,92944,289386,291581,580967
GOLD COAST,2016,11,217585,221922,439507,41995,42664,84659,259580,264586,524166
GOLD COAST,2016,12,246168,236962,483130,48627,53957,102584,294795,290919,585714
GOLD COAST,2017,1,249932,269342,519274,57691,46200,103891,307623,315542,623165
GOLD COAST,2017,2,190703,196827,387530,42614,36458,79072,233317,233285,466602
GOLD COAST,2017,3,215154,212372,427526,44795,42345,87140,259949,254717,514666
GOLD COAST,2017,4,230176,233720,463896,48791,45433,94224,278967,279153,558120
GOLD COAST,2017,5,197532,199078,396610,40980,37658,78638,238512,236736,475248
GOLD COAST,2017,6,198253,192782,391035,39900,41871,81771,238153,234653,472806
GOLD COAST,2017,7,240788,238372,479160,53245,42828,96073,294033,281200,575233
GOLD COAST,2017,8,210013,214791,424804,45310,44960,90270,255323,259751,515074
GOLD COAST,2017,9,236713,223207,459920,43479,44284,87763,280192,267491,547683
GOLD COAST,2017,10,240741,252165,492906,49333,44902,94235,290074,297067,587141
GOLD COAST,2017,11,226173,228215,454388,41391,43142,84533,267564,271357,538921
GOLD COAST,2017,12,256458,245478,501936,48111,54377,102488,304569,299855,604424
GOLD COAST,2018,1,262917,283349,546266,55665,47400,103065,318582,330749,649331
GOLD COAST,2018,2,198220,201132,399352,41025,37190,78215,239245,238322,477567
GOLD COAST,2018,3,229124,222321,451445,44258,44035,88293,273382,266356,539738
GOLD COAST,2018,4,234754,242712,477466,48166,42169,90335,282920,284881,567801
GOLD COAST,2018,5,195129,197669,392798,38091,36695,74786,233220,234364,467584
GOLD COAST,2018,6,198752,191807,390559,39070,41285,80355,237822,233092,470914
GOLD COAST,2018,7,238435,239301,477736,50439,43182,93621,288874,282483,571357
GOLD COAST,2018,8,222751,224919,447670,43070,42826,85896,265821,267745,533566
GOLD COAST,2018,9,232596,223958,456554,38337,40845,79182,270933,264803,535736
GOLD COAST,2018,10,239357,247668,487025,44146,42429,86575,283503,290097,573600
GOLD COAST,2018,11,223284,223640,446924,35905,37921,73826,259189,261561,520750
GOLD COAST,2018,12,249216,238173,487389,41245,49804,91049,290461,287977,578438
GOLD COAST,2019,1,262601,279573,542174,50028,45595,95623,312629,325168,637797
GOLD COAST,2019,2,190989,197259,388248,37158,33065,70223,228147,230324,458471
GOLD COAST,2019,3,213949,211594,425543,37533,36254,73787,251482,247848,499330
GOLD COAST,2019,4,238715,240862,479577,41791,39330,81121,280506,280192,560698
GOLD COAST,2019,5,202593,203317,405910,33718,31341,65059,236311,234658,470969
GOLD COAST,2019,6,203236,198016,401252,34422,37429,71851,237658,235445,473103
GOLD COAST,2019,7,247576,248958,496534,46702,39113,85815,294278,288071,582349
GOLD COAST,2019,8,222730,225565,448295,38835,39005,77840,261565,264570,526135
GOLD COAST,2019,9,241442,230758,472200,36132,37885,74017,277574,268643,546217
GOLD COAST,2019,10,255381,265431,520812,40033,37218,77251,295414,302649,598063
GOLD COAST,2019,11,225477,231244,456721,34509,35596,70105,259986,266840,526826
GOLD COAST,2019,12,261555,244787,506342,45674,52629,98303,307229,297416,604645
GOLD COAST,2020,1,262457,276137,538594,52235,47115,99350,314692,323252,637944
GOLD COAST,2020,2,185735,189523,375258,36789,32871,69660,222524,222394,444918
GOLD COAST,2020,3,127307,137163,264470,20412,18038,38450,147719,155201,302920
GOLD COAST,2020,4,596,922,1518,0,0,0,596,922,1518
GOLD COAST,2020,5,1025,1272,2297,0,0,0,1025,1272,2297
GOLD COAST,2020,6,2252,2837,5089,0,0,0,2252,2837,5089
GOLD COAST,2020,7,21997,19649,41646,0,0,0,21997,19649,41646
GOLD COAST,2020,8,4075,5636,9711,0,0,0,4075,5636,9711
GOLD COAST,2020,9,10057,10035,20092,0,284,284,10057,10319,20376
GOLD COAST,2020,10,16042,15400,31442,0,0,0,16042,15400,31442
GOLD COAST,2020,11,17802,18453,36255,0,0,0,17802,18453,36255
GOLD COAST,2020,12,101843,86257,188100,0,0,0,101843,86257,188100
GOLD COAST,2021,1,86476,106520,192996,0,0,0,86476,106520,192996
GOLD COAST,2021,2,78519,81407,159926,0,0,0,78519,81407,159926
GOLD COAST,2021,3,142324,138815,281139,0,0,0,142324,138815,281139
GOLD COAST,2021,4,197500,199954,397454,1797,2603,4400,199297,202557,401854
GOLD COAST,2021,5,186483,185124,371607,7460,6807,14267,193943,191931,385874
GOLD COAST,2021,6,119201,117418,236619,8198,7736,15934,127399,125154,252553
GOLD COAST,2021,7,43177,52264,95441,4205,5438,9643,47382,57702,105084
GOLD COAST,2021,8,5901,6584,12485,0,0,0,5901,6584,12485
GOLD COAST,2021,9,12427,12573,25000,0,0,0,12427,12573,25000
GOLD COAST,2021,10,12556,13379,25935,0,0,0,12556,13379,25935
GOLD COAST,2021,11,17318,18011,35329,0,0,0,17318,18011,35329
GOLD COAST,2021,12,119880,85001,204881,0,0,0,119880,85001,204881
GOLD COAST,2022,1,182877,202648,385525,0,0,0,182877,202648,385525
GOLD COAST,2022,2,151862,151166,303028,301,124,425,152163,151290,303453
GOLD COAST,2022,3,196849,199365,396214,2983,3031,6014,199832,202396,402228
GOLD COAST,2022,4,270544,269351,539895,8060,7695,15755,278604,277046,555650
GOLD COAST,2022,5,217755,220808,438563,9571,8649,18220,227326,229457,456783
GOLD COAST,2022,6,231105,221148,452253,15210,16385,31595,246315,237533,483848
GOLD COAST,2022,7,243878,245747,489625,26229,22633,48862,270107,268380,538487
GOLD COAST,2022,8,216793,218129,434922,25503,25076,50579,242296,243205,485501
MELBOURNE,2000,1,513364,486321,999685,138776,126770,265546,652140,613091,1265231
MELBOURNE,2000,2,491067,489398,980465,126905,106335,233240,617972,595733,1213705
MELBOURNE,2000,3,549175,553164,1102339,117411,127177,244588,666586,680341,1346927
MELBOURNE,2000,4,514001,513710,1027711,121332,131042,252374,635333,644752,1280085
MELBOURNE,2000,5,501060,504770,1005830,98769,119675,218444,599829,624445,1224274
MELBOURNE,2000,6,509828,525527,1035355,102972,124957,227929,612800,650484,1263284
MELBOURNE,2000,7,522892,504171,1027063,137987,118308,256295,660879,622479,1283358
MELBOURNE,2000,8,543623,545181,1088804,117696,121887,239583,661319,667068,1328387
MELBOURNE,2000,9,587775,611198,1198973,126498,126054,252552,714273,737252,1451525
MELBOURNE,2000,10,607466,572647,1180113,145846,121279,267125,753312,693926,1447238
MELBOURNE,2000,11,574704,573375,1148079,137152,136928,274080,711856,710303,1422159
MELBOURNE,2000,12,561085,578245,1139330,147547,164326,311873,708632,742571,1451203
MELBOURNE,2001,1,617640,592833,1210473,169109,152493,321602,786749,745326,1532075
MELBOURNE,2001,2,517762,511939,1029701,145578,118058,263636,663340,629997,1293337
MELBOURNE,2001,3,592581,600184,1192765,135343,146093,281436,727924,746277,1474201
MELBOURNE,2001,4,598913,600820,1199733,137170,145603,282773,736083,746423,1482506
MELBOURNE,2001,5,560544,558883,1119427,109605,131744,241349,670149,690627,1360776
MELBOURNE,2001,6,538821,555298,1094119,120697,139429,260126,659518,694727,1354245
MELBOURNE,2001,7,599694,594442,1194136,160488,135724,296212,760182,730166,1490348
MELBOURNE,2001,8,578353,576311,1154664,125942,135805,261747,704295,712116,1416411
MELBOURNE,2001,9,494873,496323,991196,137268,134285,271553,632141,630608,1262749
MELBOURNE,2001,10,500996,483214,984210,149864,117967,267831,650860,601181,1252041
MELBOURNE,2001,11,521118,513200,1034318,128589,127943,256532,649707,641143,1290850
MELBOURNE,2001,12,522691,538416,1061107,148224,162551,310775,670915,700967,1371882
MELBOURNE,2002,1,580831,551074,1131905,168339,154245,322584,749170,705319,1454489
MELBOURNE,2002,2,519722,507977,1027699,149598,124476,274074,669320,632453,1301773
MELBOURNE,2002,3,543351,562766,1106117,152356,156881,309237,695707,719647,1415354
MELBOURNE,2002,4,513909,500317,1014226,123765,129504,253269,637674,629821,1267495
MELBOURNE,2002,5,505588,501610,1007198,107018,125821,232839,612606,627431,1240037
MELBOURNE,2002,6,470175,486993,957168,113347,133486,246833,583522,620479,1204001
MELBOURNE,2002,7,541290,528862,1070152,154111,130785,284896,695401,659647,1355048
MELBOURNE,2002,8,535017,533705,1068722,128752,128883,257635,663769,662588,1326357
MELBOURNE,2002,9,548333,560591,1108924,136250,134719,270969,684583,695310,1379893
MELBOURNE,2002,10,595996,579916,1175912,158574,122869,281443,754570,702785,1457355
MELBOURNE,2002,11,547188,550935,1098123,138174,132791,270965,685362,683726,1369088
MELBOURNE,2002,12,548669,568334,1117003,147524,161483,309007,696193,729817,1426010
MELBOURNE,2003,1,578067,556128,1134195,166711,148063,314774,744778,704191,1448969
MELBOURNE,2003,2,520670,520133,1040803,147228,114253,261481,667898,634386,1302284
MELBOURNE,2003,3,578354,581268,1159622,133746,129527,263273,712100,710795,1422895
MELBOURNE,2003,4,549415,549432,1098847,107381,109427,216808,656796,658859,1315655
MELBOURNE,2003,5,551368,548871,1100239,89779,100828,190607,641147,649699,1290846
MELBOURNE,2003,6,528728,544608,1073336,98707,115855,214562,627435,660463,1287898
MELBOURNE,2003,7,592750,577728,1170478,139891,122158,262049,732641,699886,1432527
MELBOURNE,2003,8,588592,587153,1175745,123460,130276,253736,712052,717429,1429481
MELBOURNE,2003,9,609163,617490,1226653,138353,137802,276155,747516,755292,1502808
MELBOURNE,2003,10,652939,634182,1287121,162441,132267,294708,815380,766449,1581829
MELBOURNE,2003,11,635661,638947,1274608,150928,155924,306852,786589,794871,1581460
MELBOURNE,2003,12,628511,651331,1279842,162028,182501,344529,790539,833832,1624371
MELBOURNE,2004,1,656860,627798,1284658,189024,168144,357168,845884,795942,1641826
MELBOURNE,2004,2,597254,601902,1199156,168702,132445,301147,765956,734347,1500303
MELBOURNE,2004,3,660843,667740,1328583,154264,159916,314180,815107,827656,1642763
MELBOURNE,2004,4,635311,632452,1267763,154450,159451,313901,789761,791903,1581664
MELBOURNE,2004,5,633193,633363,1266556,128728,148120,276848,761921,781483,1543404
MELBOURNE,2004,6,623448,644929,1268377,136158,163641,299799,759606,808570,1568176
MELBOURNE,2004,7,685661,669275,1354936,194163,152010,346173,879824,821285,1701109
MELBOURNE,2004,8,678002,680488,1358490,148644,156785,305429,826646,837273,1663919
MELBOURNE,2004,9,690578,694845,1385423,166366,162238,328604,856944,857083,1714027
MELBOURNE,2004,10,709516,704727,1414243,194432,152197,346629,903948,856924,1760872
MELBOURNE,2004,11,678563,678876,1357439,172338,175154,347492,850901,854030,1704931
MELBOURNE,2004,12,654922,672404,1327326,185771,213294,399065,840693,885698,1726391
MELBOURNE,2005,1,667736,649337,1317073,224188,189259,413447,891924,838596,1730520
MELBOURNE,2005,2,617742,627651,1245393,189638,153315,342953,807380,780966,1588346
MELBOURNE,2005,3,702608,713175,1415783,179860,180907,360767,882468,894082,1776550
MELBOURNE,2005,4,681920,681424,1363344,165011,166036,331047,846931,847460,1694391
MELBOURNE,2005,5,649439,654348,1303787,137456,161326,298782,786895,815674,1602569
MELBOURNE,2005,6,631380,655685,1287065,147415,176352,323767,778795,832037,1610832
MELBOURNE,2005,7,711087,698285,1409372,207364,164140,371504,918451,862425,1780876
MELBOURNE,2005,8,695534,699834,1395368,162467,166456,328923,858001,866290,1724291
MELBOURNE,2005,9,726488,735874,1462362,177772,169975,347747,904260,905849,1810109
MELBOURNE,2005,10,734132,731126,1465258,202890,158173,361063,937022,889299,1826321
MELBOURNE,2005,11,714523,715258,1429781,170855,178943,349798,885378,894201,1779579
MELBOURNE,2005,12,693104,717437,1410541,185308,209529,394837,878412,926966,1805378
MELBOURNE,2006,1,718468,695866,1414334,221854,188571,410425,940322,884437,1824759
MELBOURNE,2006,2,633682,638290,1271972,190788,153505,344293,824470,791795,1616265
MELBOURNE,2006,3,715770,712938,1428708,183635,176863,360498,899405,889801,1789206
MELBOURNE,2006,4,684662,689231,1373893,161967,174747,336714,846629,863978,1710607
MELBOURNE,2006,5,680308,686839,1367147,139726,163023,302749,820034,849862,1669896
MELBOURNE,2006,6,671134,687726,1358860,157179,187538,344717,828313,875264,1703577
MELBOURNE,2006,7,733713,727486,1461199,196492,157279,353771,930205,884765,1814970
MELBOURNE,2006,8,732886,733370,1466256,163060,165438,328498,895946,898808,1794754
MELBOURNE,2006,9,760866,745023,1505889,187117,180311,367428,947983,925334,1873317
MELBOURNE,2006,10,781955,785887,1567842,198949,160761,359710,980904,946648,1927552
MELBOURNE,2006,11,772161,769076,1541237,180335,182668,363003,952496,951744,1904240
MELBOURNE,2006,12,752975,766266,1519241,200204,219280,419484,953179,985546,1938725
MELBOURNE,2007,1,762461,744091,1506552,227278,202772,430050,989739,946863,1936602
MELBOURNE,2007,2,676206,675627,1351833,196447,161820,358267,872653,837447,1710100
MELBOURNE,2007,3,767156,775140,1542296,196256,193785,390041,963412,968925,1932337
MELBOURNE,2007,4,736138,732239,1468377,178238,183063,361301,914376,915302,1829678
MELBOURNE,2007,5,707706,709545,1417251,156746,175322,332068,864452,884867,1749319
MELBOURNE,2007,6,689210,700137,1389347,168100,187830,355930,857310,887967,1745277
MELBOURNE,2007,7,770581,768036,1538617,204486,180555,385041,975067,948591,1923658
MELBOURNE,2007,8,773747,769472,1543219,182874,182956,365830,956621,952428,1909049
MELBOURNE,2007,9,758147,770366,1528513,187800,191970,379770,945947,962336,1908283
MELBOURNE,2007,10,828393,814414,1642807,217864,173005,390869,1046257,987419,2033676
MELBOURNE,2007,11,814988,810240,1625228,194774,195578,390352,1009762,1005818,2015580
MELBOURNE,2007,12,805261,826024,1631285,197752,227813,425565,1003013,1053837,2056850
MELBOURNE,2008,1,848447,822829,1671276,233816,199579,433395,1082263,1022408,2104671
MELBOURNE,2008,2,804566,793116,1597682,204958,169355,374313,1009524,962471,1971995
MELBOURNE,2008,3,865100,883525,1748625,201409,205233,406642,1066509,1088758,2155267
MELBOURNE,2008,4,822051,806803,1628854,191257,185830,377087,1013308,992633,2005941
MELBOURNE,2008,5,792439,791126,1583565,166679,188468,355147,959118,979594,1938712
MELBOURNE,2008,6,756139,785495,1541634,178213,199813,378026,934352,985308,1919660
MELBOURNE,2008,7,854051,827941,1681992,220372,184151,404523,1074423,1012092,2086515
MELBOURNE,2008,8,815624,816699,1632323,186810,188092,374902,1002434,1004791,2007225
MELBOURNE,2008,9,816503,832370,1648873,192424,189709,382133,1008927,1022079,2031006
MELBOURNE,2008,10,896828,875920,1772748,222911,180151,403062,1119739,1056071,2175810
MELBOURNE,2008,11,833876,832249,1666125,195450,199696,395146,1029326,1031945,2061271
MELBOURNE,2008,12,825195,836494,1661689,205898,242270,448168,1031093,1078764,2109857
MELBOURNE,2009,1,856085,833050,1689135,252477,212009,464486,1108562,1045059,2153621
MELBOURNE,2009,2,746205,739743,1485948,210713,168227,378940,956918,907970,1864888
MELBOURNE,2009,3,845636,852062,1697698,202276,196643,398919,1047912,1048705,2096617
MELBOURNE,2009,4,829998,819781,1649779,204299,208083,412382,1034297,1027864,2062161
MELBOURNE,2009,5,776173,775039,1551212,173774,197709,371483,949947,972748,1922695
MELBOURNE,2009,6,721727,758140,1479867,178162,218630,396792,899889,976770,1876659
MELBOURNE,2009,7,837988,809609,1647597,240001,197523,437524,1077989,1007132,2085121
MELBOURNE,2009,8,823229,827693,1650922,203480,205689,409169,1026709,1033382,2060091
MELBOURNE,2009,9,835205,851672,1686877,219950,222581,442531,1055155,1074253,2129408
MELBOURNE,2009,10,898516,877825,1776341,249880,207089,456969,1148396,1084914,2233310
MELBOURNE,2009,11,871745,868621,1740366,218576,228831,447407,1090321,1097452,2187773
MELBOURNE,2009,12,840898,858578,1699476,234725,279025,513750,1075623,1137603,2213226
MELBOURNE,2010,1,857377,826363,1683740,284826,243684,528510,1142203,1070047,2212250
MELBOURNE,2010,2,802637,808660,1611297,243752,204449,448201,1046389,1013109,2059498
MELBOURNE,2010,3,905092,921247,1826339,231673,239252,470925,1136765,1160499,2297264
MELBOURNE,2010,4,896389,873538,1769927,220800,219940,440740,1117189,1093478,2210667
MELBOURNE,2010,5,840775,841892,1682667,188710,221202,409912,1029485,1063094,2092579
MELBOURNE,2010,6,819152,851471,1670623,208773,257409,466182,1027925,1108880,2136805
MELBOURNE,2010,7,944778,913028,1857806,283636,231976,515612,1228414,1145004,2373418
MELBOURNE,2010,8,913529,920169,1833698,231395,241959,473354,1144924,1162128,2307052
MELBOURNE,2010,9,935099,941432,1876531,255664,259528,515192,1190763,1200960,2391723
MELBOURNE,2010,10,981550,974228,1955778,286793,239495,526288,1268343,1213723,2482066
MELBOURNE,2010,11,936055,926714,1862769,240786,250417,491203,1176841,1177131,2353972
MELBOURNE,2010,12,933226,957852,1891078,265242,321150,586392,1198468,1279002,2477470
MELBOURNE,2011,1,932364,895173,1827537,336970,290873,627843,1269334,1186046,2455380
MELBOURNE,2011,2,807515,802662,1610177,274243,220878,495121,1081758,1023540,2105298
MELBOURNE,2011,3,928617,924483,1853100,243754,237994,481748,1172371,1162477,2334848
MELBOURNE,2011,4,915423,915413,1830836,250130,274680,524810,1165553,1190093,2355646
MELBOURNE,2011,5,872415,876279,1748694,230962,247707,478669,1103377,1123986,2227363
MELBOURNE,2011,6,797066,804285,1601351,223865,273382,497247,1020931,1077667,2098598
MELBOURNE,2011,7,907802,900980,1808782,309728,262089,571817,1217530,1163069,2380599
MELBOURNE,2011,8,875410,876729,1752139,259446,261977,521423,1134856,1138706,2273562
MELBOURNE,2011,9,862222,882369,1744591,263756,282047,545803,1125978,1164416,2290394
MELBOURNE,2011,10,933886,910870,1844756,306328,247114,553442,1240214,1157984,2398198
MELBOURNE,2011,11,903717,890863,1794580,267990,269556,537546,1171707,1160419,2332126
MELBOURNE,2011,12,879421,910582,1790003,281266,344223,625489,1160687,1254805,2415492
MELBOURNE,2012,1,926139,886181,1812320,354018,306119,660137,1280157,1192300,2472457
MELBOURNE,2012,2,830879,821103,1651982,291804,232419,524223,1122683,1053522,2176205
MELBOURNE,2012,3,932200,936193,1868393,268269,279024,547293,1200469,1215217,2415686
MELBOURNE,2012,4,897991,892848,1790839,266969,271006,537975,1164960,1163854,2328814
MELBOURNE,2012,5,874047,871643,1745690,230069,259264,489333,1104116,1130907,2235023
MELBOURNE,2012,6,836515,858023,1694538,248038,295361,543399,1084553,1153384,2237937
MELBOURNE,2012,7,953894,944955,1898849,316164,261920,578084,1270058,1206875,2476933
MELBOURNE,2012,8,935216,929624,1864840,271345,275906,547251,1206561,1205530,2412091
MELBOURNE,2012,9,931489,954733,1886222,284472,291959,576431,1215961,1246692,2462653
MELBOURNE,2012,10,1002582,981939,1984521,323971,261191,585162,1326553,1243130,2569683
MELBOURNE,2012,11,1003285,988212,1991497,281637,289422,571059,1284922,1277634,2562556
MELBOURNE,2012,12,939234,969425,1908659,302814,356081,658895,1242048,1325506,2567554
MELBOURNE,2013,1,980802,928327,1909129,363773,309819,673592,1344575,1238146,2582721
MELBOURNE,2013,2,857315,842347,1699662,290165,245270,535435,1147480,1087617,2235097
MELBOURNE,2013,3,958278,995662,1953940,284291,298294,582585,1242569,1293956,2536525
MELBOURNE,2013,4,957148,924505,1881653,284224,278932,563156,1241372,1203437,2444809
MELBOURNE,2013,5,889504,893160,1782664,247987,284390,532377,1137491,1177550,2315041
MELBOURNE,2013,6,861377,881739,1743116,266815,316664,583479,1128192,1198403,2326595
MELBOURNE,2013,7,1027044,1007540,2034584,350003,299718,649721,1377047,1307258,2684305
MELBOURNE,2013,8,978746,973072,1951818,309206,314962,624168,1287952,1288034,2575986
MELBOURNE,2013,9,944229,957575,1901804,308437,314280,622717,1252666,1271855,2524521
MELBOURNE,2013,10,1042381,1027168,2069549,347223,277637,624860,1389604,1304805,2694409
MELBOURNE,2013,11,993447,978633,1972080,297331,296101,593432,1290778,1274734,2565512
MELBOURNE,2013,12,990722,1017563,2008285,334315,392306,726621,1325037,1409869,2734906
MELBOURNE,2014,1,1015397,972715,1988112,405925,345753,751678,1421322,1318468,2739790
MELBOURNE,2014,2,879950,874523,1754473,317446,271754,589200,1197396,1146277,2343673
MELBOURNE,2014,3,982380,989492,1971872,298547,301050,599597,1280927,1290542,2571469
MELBOURNE,2014,4,970657,965801,1936458,314516,330983,645499,1285173,1296784,2581957
MELBOURNE,2014,5,919075,914120,1833195,288008,311686,599694,1207083,1225806,2432889
MELBOURNE,2014,6,883595,924070,1807665,283842,355095,638937,1167437,1279165,2446602
MELBOURNE,2014,7,1022903,993072,2015975,396854,328613,725467,1419757,1321685,2741442
MELBOURNE,2014,8,979763,975378,1955141,323724,340678,664402,1303487,1316056,2619543
MELBOURNE,2014,9,966478,975178,1941656,337512,339350,676862,1303990,1314528,2618518
MELBOURNE,2014,10,1084809,1063726,2148535,381908,312662,694570,1466717,1376388,2843105
MELBOURNE,2014,11,1001601,994496,1996097,328293,335780,664073,1329894,1330276,2660170
MELBOURNE,2014,12,994717,1020431,2015148,355406,417081,772487,1350123,1437512,2787635
MELBOURNE,2015,1,1004854,948075,1952929,438126,370081,808207,1442980,1318156,2761136
MELBOURNE,2015,2,900984,891650,1792634,365109,313219,678328,1266093,1204869,2470962
MELBOURNE,2015,3,1005878,1039069,2044947,345323,371197,716520,1351201,1410266,2761467
MELBOURNE,2015,4,996733,964471,1961204,340239,344512,684751,1336972,1308983,2645955
MELBOURNE,2015,5,936622,936219,1872841,302738,334198,636936,1239360,1270417,2509777
MELBOURNE,2015,6,892847,934705,1827552,308765,379573,688338,1201612,1314278,2515890
MELBOURNE,2015,7,1088788,1042230,2131018,420433,358670,779103,1509221,1400900,2910121
MELBOURNE,2015,8,987007,994987,1981994,363372,369533,732905,1350379,1364520,2714899
MELBOURNE,2015,9,1003849,1002529,2006378,373604,370822,744426,1377453,1373351,2750804
MELBOURNE,2015,10,1087942,1081715,2169657,422440,352894,775334,1510382,1434609,2944991
MELBOURNE,2015,11,1040806,1038007,2078813,369057,367768,736825,1409863,1405775,2815638
MELBOURNE,2015,12,1042951,1067979,2110930,408817,468826,877643,1451768,1536805,2988573
MELBOURNE,2016,1,1054336,987466,2041802,479446,415848,895294,1533782,1403314,2937096
MELBOURNE,2016,2,962294,958670,1920964,409332,354902,764234,1371626,1313572,2685198
MELBOURNE,2016,3,1040159,1071754,2111913,375712,400070,775782,1415871,1471824,2887695
MELBOURNE,2016,4,1034619,975844,2010463,377543,363931,741474,1412162,1339775,2751937
MELBOURNE,2016,5,965286,979592,1944878,329015,361483,690498,1294301,1341075,2635376
MELBOURNE,2016,6,934008,983208,1917216,344024,421392,765416,1278032,1404600,2682632
MELBOURNE,2016,7,1099867,1051762,2151629,473996,402026,876022,1573863,1453788,3027651
MELBOURNE,2016,8,1007425,1007861,2015286,387190,393644,780834,1394615,1401505,2796120
MELBOURNE,2016,9,1059435,1055705,2115140,407615,395718,803333,1467050,1451423,2918473
MELBOURNE,2016,10,1093450,1100268,2193718,439964,373475,813439,1533414,1473743,3007157
MELBOURNE,2016,11,1081488,1066390,2147878,386213,394006,780219,1467701,1460396,2928097
MELBOURNE,2016,12,1063853,1097863,2161716,444950,511091,956041,1508803,1608954,3117757
MELBOURNE,2017,1,1090953,1037134,2128087,523394,456706,980100,1614347,1493840,3108187
MELBOURNE,2017,2,936529,925300,1861829,424162,354176,778338,1360691,1279476,2640167
MELBOURNE,2017,3,1067607,1069795,2137402,388096,397069,785165,1455703,1466864,2922567
MELBOURNE,2017,4,1046704,1038005,2084709,421407,426800,848207,1468111,1464805,2932916
MELBOURNE,2017,5,982991,993236,1976227,355754,384545,740299,1338745,1377781,2716526
MELBOURNE,2017,6,966297,988130,1954427,368104,439357,807461,1334401,1427487,2761888
MELBOURNE,2017,7,1109391,1101270,2210661,498958,427923,926881,1608349,1529193,3137542
MELBOURNE,2017,8,1032519,1026705,2059224,417818,422697,840515,1450337,1449402,2899739
MELBOURNE,2017,9,1047892,1061680,2109572,428355,438578,866933,1476247,1500258,2976505
MELBOURNE,2017,10,1156852,1133498,2290350,486720,396510,883230,1643572,1530008,3173580
MELBOURNE,2017,11,1115131,1106079,2221210,419680,431707,851387,1534811,1537786,3072597
MELBOURNE,2017,12,1083418,1118622,2202040,478099,537167,1015266,1561517,1655789,3217306
MELBOURNE,2018,1,1109308,1061660,2170968,547626,473098,1020724,1656934,1534758,3191692
MELBOURNE,2018,2,968029,959519,1927548,469329,401858,871187,1437358,1361377,2798735
MELBOURNE,2018,3,1098311,1128272,2226583,445563,464345,909908,1543874,1592617,3136491
MELBOURNE,2018,4,1084246,1051772,2136018,453020,441242,894262,1537266,1493014,3030280
MELBOURNE,2018,5,1000156,1007655,2007811,387395,413425,800820,1387551,1421080,2808631
MELBOURNE,2018,6,962605,1010009,1972614,410590,492367,902957,1373195,1502376,2875571
MELBOURNE,2018,7,1149198,1116250,2265448,538582,455634,994216,1687780,1571884,3259664
MELBOURNE,2018,8,1074421,1068580,2143001,464566,473550,938116,1538987,1542130,3081117
MELBOURNE,2018,9,1057707,1073931,2131638,471762,479739,951501,1529469,1553670,3083139
MELBOURNE,2018,10,1166132,1142931,2309063,523788,436520,960308,1689920,1579451,3269371
MELBOURNE,2018,11,1117298,1107531,2224829,461965,473126,935091,1579263,1580657,3159920
MELBOURNE,2018,12,1066835,1110389,2177224,481836,562958,1044794,1548671,1673347,3222018
MELBOURNE,2019,1,1121723,1066341,2188064,568799,501288,1070087,1690522,1567629,3258151
MELBOURNE,2019,2,981359,971364,1952723,483548,405796,889344,1464907,1377160,2842067
MELBOURNE,2019,3,1086603,1092582,2179185,441993,443824,885817,1528596,1536406,3065002
MELBOURNE,2019,4,1087004,1087168,2174172,454777,480480,935257,1541781,1567648,3109429
MELBOURNE,2019,5,1010459,1006610,2017069,414406,429113,843519,1424865,1435723,2860588
MELBOURNE,2019,6,944965,1000243,1945208,413493,488023,901516,1358458,1488266,2846724
MELBOURNE,2019,7,1142322,1109884,2252206,532482,460719,993201,1674804,1570603,3245407
MELBOURNE,2019,8,1080083,1074712,2154795,469163,473554,942717,1549246,1548266,3097512
MELBOURNE,2019,9,1069451,1092161,2161612,459116,468307,927423,1528567,1560468,3089035
MELBOURNE,2019,10,1187346,1159072,2346418,504030,427549,931579,1691376,1586621,3277997
MELBOURNE,2019,11,1122505,1098922,2221427,460493,466560,927053,1582998,1565482,3148480
MELBOURNE,2019,12,1084222,1138546,2222768,495779,575352,1071131,1580001,1713898,3293899
MELBOURNE,2020,1,1116371,1053603,2169974,581276,514803,1096079,1697647,1568406,3266053
MELBOURNE,2020,2,921157,934726,1855883,408642,334254,742896,1329799,1268980,2598779
MELBOURNE,2020,3,624922,619391,1244313,244268,227490,471758,869190,846881,1716071
MELBOURNE,2020,4,20061,21697,41758,5448,12355,17803,25509,34052,59561
MELBOURNE,2020,5,29128,28400,57528,5643,9003,14646,34771,37403,72174
MELBOURNE,2020,6,60190,62328,122518,6431,9456,15887,66621,71784,138405
MELBOURNE,2020,7,29537,31636,61173,49,12705,12754,29586,44341,73927
MELBOURNE,2020,8,6854,13444,20298,0,14761,14761,6854,28205,35059
MELBOURNE,2020,9,8430,14941,23371,0,12320,12320,8430,27261,35691
MELBOURNE,2020,10,12720,14654,27374,0,10603,10603,12720,25257,37977
MELBOURNE,2020,11,48680,50242,98922,511,8346,8857,49191,58588,107779
MELBOURNE,2020,12,340896,398933,739829,5098,10989,16087,345994,409922,755916
MELBOURNE,2021,1,338480,286543,625023,6753,10340,17093,345233,296883,642116
MELBOURNE,2021,2,207398,195779,403177,3119,8122,11241,210517,203901,414418
MELBOURNE,2021,3,479091,494543,973634,1798,8153,9951,480889,502696,983585
MELBOURNE,2021,4,702091,692032,1394123,10375,16770,27145,712466,708802,1421268
MELBOURNE,2021,5,599667,601938,1201605,25732,24656,50388,625399,626594,1251993
MELBOURNE,2021,6,152189,168931,321120,10613,14502,25115,162802,183433,346235
MELBOURNE,2021,7,225224,184414,409638,22227,26795,49022,247451,211209,458660
MELBOURNE,2021,8,33142,25526,58668,3681,8033,11714,36823,33559,70382
MELBOURNE,2021,9,15886,15063,30949,2201,7918,10119,18087,22981,41068
MELBOURNE,2021,10,21168,15719,36887,2111,9855,11966,23279,25574,48853
MELBOURNE,2021,11,165347,169714,335061,19788,25339,45127,185135,195053,380188
MELBOURNE,2021,12,451517,522284,973801,64060,63649,127709,515577,585933,1101510
MELBOURNE,2022,1,571917,515075,1086992,84811,58865,143676,656728,573940,1230668
MELBOURNE,2022,2,496393,503676,1000069,89738,54225,143963,586131,557901,1144032
MELBOURNE,2022,3,753316,751571,1504887,107926,95493,203419,861242,847064,1708306
MELBOURNE,2022,4,958109,966159,1924268,157741,163915,321656,1115850,1130074,2245924
MELBOURNE,2022,5,861600,868868,1730468,182478,180486,362964,1044078,1049354,2093432
MELBOURNE,2022,6,886863,942296,1829159,211256,253957,465213,1098119,1196253,2294372
MELBOURNE,2022,7,980606,937906,1918512,318139,273435,591574,1298745,1211341,2510086
MELBOURNE,2022,8,871004,884415,1755419,289587,260606,550193,1160591,1145021,2305612
PERTH,2000,1,148560,147709,296269,72336,64484,136820,220896,212193,433089
PERTH,2000,2,121176,123532,244708,66068,52829,118897,187244,176361,363605
PERTH,2000,3,144410,141810,286220,62341,66451,128792,206751,208261,415012
PERTH,2000,4,148269,147877,296146,66159,66943,133102,214428,214820,429248
PERTH,2000,5,136087,139535,275622,50973,59270,110243,187060,198805,385865
PERTH,2000,6,137896,139956,277852,55167,64579,119746,193063,204535,397598
PERTH,2000,7,137821,139379,277200,72134,59338,131472,209955,198717,408672
PERTH,2000,8,135134,136587,271721,63905,62378,126283,199039,198965,398004
PERTH,2000,9,161041,164073,325114,65804,62096,127900,226845,226169,453014
PERTH,2000,10,159676,157928,317604,80981,62148,143129,240657,220076,460733
PERTH,2000,11,143017,144481,287498,74412,69788,144200,217429,214269,431698
PERTH,2000,12,155845,151323,307168,80718,79320,160038,236563,230643,467206
PERTH,2001,1,158224,168586,326810,78222,75406,153628,236446,243992,480438
PERTH,2001,2,129141,131577,260718,66945,51049,117994,196086,182626,378712
PERTH,2001,3,151402,150394,301796,66823,67993,134816,218225,218387,436612
PERTH,2001,4,152644,153570,306214,62964,67451,130415,215608,221021,436629
PERTH,2001,5,143772,144280,288052,51849,59795,111644,195621,204075,399696
PERTH,2001,6,142092,142943,285035,58802,67064,125866,200894,210007,410901
PERTH,2001,7,145502,146823,292325,72886,62759,135645,218388,209582,427970
PERTH,2001,8,146486,146179,292665,66192,65246,131438,212678,211425,424103
PERTH,2001,9,118382,118527,236909,71776,66339,138115,190158,184866,375024
PERTH,2001,10,114387,116998,231385,77573,58859,136432,191960,175857,367817
PERTH,2001,11,119436,123339,242775,64610,57426,122036,184046,180765,364811
PERTH,2001,12,140544,136575,277119,75393,73957,149350,215937,210532,426469
PERTH,2002,1,141743,153902,295645,74537,71902,146439,216280,225804,442084
PERTH,2002,2,129722,136090,265812,69733,55801,125534,199455,191891,391346
PERTH,2002,3,136523,135185,271708,72426,67876,140302,208949,203061,412010
PERTH,2002,4,127898,136539,264437,56825,68791,125616,184723,205330,390053
PERTH,2002,5,130450,129651,260101,57756,62436,120192,188206,192087,380293
PERTH,2002,6,118474,119392,237866,59217,67405,126622,177691,186797,364488
PERTH,2002,7,141346,145697,287043,74196,63105,137301,215542,208802,424344
PERTH,2002,8,136980,137579,274559,67477,67349,134826,204457,204928,409385
PERTH,2002,9,142716,143178,285894,72429,68170,140599,215145,211348,426493
PERTH,2002,10,156056,161700,317756,83677,60706,144383,239733,222406,462139
PERTH,2002,11,143646,144100,287746,71636,64282,135918,215282,208382,423664
PERTH,2002,12,162738,160010,322748,77846,80844,158690,240584,240854,481438
PERTH,2003,1,158915,168237,327152,78546,72174,150720,237461,240411,477872
PERTH,2003,2,136400,140060,276460,71789,56256,128045,208189,196316,404505
PERTH,2003,3,156746,158020,314766,64852,65621,130473,221598,223641,445239
PERTH,2003,4,152996,158277,311273,52889,56287,109176,205885,214564,420449
PERTH,2003,5,157762,158397,316159,45320,50501,95821,203082,208898,411980
PERTH,2003,6,146819,147447,294266,51203,56388,107591,198022,203835,401857
PERTH,2003,7,166972,170268,337240,72230,60336,132566,239202,230604,469806
PERTH,2003,8,155791,156477,312268,62888,63434,126322,218679,219911,438590
PERTH,2003,9,167336,166888,334224,74790,68555,143345,242126,235443,477569
PERTH,2003,10,180979,186216,367195,85503,63909,149412,266482,250125,516607
PERTH,2003,11,167167,168497,335664,72981,69922,142903,240148,238419,478567
PERTH,2003,12,186464,179492,365956,84625,85623,170248,271089,265115,536204
PERTH,2004,1,181788,187989,369777,89842,86044,175886,271630,274033,545663
PERTH,2004,2,159092,161941,321033,78288,60862,139150,237380,222803,460183
PERTH,2004,3,182824,182467,365291,71796,74164,145960,254620,256631,511251
PERTH,2004,4,185725,184449,370174,71155,77719,148874,256880,262168,519048
PERTH,2004,5,170806,171814,342620,57656,66660,124316,228462,238474,466936
PERTH,2004,6,166186,166933,333119,63867,71389,135256,230053,238322,468375
PERTH,2004,7,196422,198875,395297,83609,72545,156154,280031,271420,551451
PERTH,2004,8,186086,185234,371320,73432,72063,145495,259518,257297,516815
PERTH,2004,9,192867,188619,381486,75466,65991,141457,268333,254610,522943
PERTH,2004,10,207843,212219,420062,89361,73702,163063,297204,285921,583125
PERTH,2004,11,189096,189525,378621,84746,78693,163439,273842,268218,542060
PERTH,2004,12,197424,191067,388491,91475,96864,188339,288899,287931,576830
PERTH,2005,1,189568,198016,387584,99674,88862,188536,289242,286878,576120
PERTH,2005,2,169047,171240,340287,86176,70692,156868,255223,241932,497155
PERTH,2005,3,197973,194731,392704,89020,86186,175206,286993,280917,567910
PERTH,2005,4,197287,199144,396431,74527,85781,160308,271814,284925,556739
PERTH,2005,5,185490,185585,371075,67369,77161,144530,252859,262746,515605
PERTH,2005,6,177674,178069,355743,75313,86978,162291,252987,265047,518034
PERTH,2005,7,203739,204450,408189,94033,79644,173677,297772,284094,581866
PERTH,2005,8,199641,197631,397272,79714,79578,159292,279355,277209,556564
PERTH,2005,9,213694,216224,429918,86221,79796,166017,299915,296020,595935
PERTH,2005,10,217453,217738,435191,97595,71530,169125,315048,289268,604316
PERTH,2005,11,204604,206082,410686,80761,78913,159674,285365,284995,570360
PERTH,2005,12,219252,210340,429592,91838,99663,191501,311090,310003,621093
PERTH,2006,1,211048,221539,432587,102499,86673,189172,313547,308212,621759
PERTH,2006,2,180765,183329,364094,84447,68749,153196,265212,252078,517290
PERTH,2006,3,215908,216251,432159,77375,80277,157652,293283,296528,589811
PERTH,2006,4,223364,223317,446681,79272,89197,168469,302636,312514,615150
PERTH,2006,5,218306,217135,435441,65666,73398,139064,283972,290533,574505
PERTH,2006,6,202140,201554,403694,70329,82582,152911,272469,284136,556605
PERTH,2006,7,233755,238277,472032,96083,80422,176505,329838,318699,648537
PERTH,2006,8,225482,226978,452460,80202,76904,157106,305684,303882,609566
PERTH,2006,9,234665,242285,476950,83593,77106,160699,318258,319391,637649
PERTH,2006,10,262833,259340,522173,105339,80122,185461,368172,339462,707634
PERTH,2006,11,247483,248381,495864,88605,81909,170514,336088,330290,666378
PERTH,2006,12,249272,246463,495735,109355,114773,224128,358627,361236,719863
PERTH,2007,1,244674,253638,498312,116820,99440,216260,361494,353078,714572
PERTH,2007,2,209585,214564,424149,96188,76677,172865,305773,291241,597014
PERTH,2007,3,254300,250966,505266,91010,93496,184506,345310,344462,689772
PERTH,2007,4,254351,256080,510431,91680,100841,192521,346031,356921,702952
PERTH,2007,5,235472,238249,473721,77954,87480,165434,313426,325729,639155
PERTH,2007,6,230159,228118,458277,85112,100610,185722,315271,328728,643999
PERTH,2007,7,262928,272675,535603,118158,96690,214848,381086,369365,750451
PERTH,2007,8,260685,258443,519128,96078,94491,190569,356763,352934,709697
PERTH,2007,9,256285,260255,516540,102537,97623,200160,358822,357878,716700
PERTH,2007,10,285792,288483,574275,122294,91943,214237,408086,380426,788512
PERTH,2007,11,267972,269282,537254,101676,93373,195049,369648,362655,732303
PERTH,2007,12,277894,274396,552290,113436,127961,241397,391330,402357,793687
PERTH,2008,1,273258,281233,554491,132455,108628,241083,405713,389861,795574
PERTH,2008,2,247955,254730,502685,110164,85160,195324,358119,339890,698009
PERTH,2008,3,280666,274207,554873,104167,102936,207103,384833,377143,761976
PERTH,2008,4,282404,285759,568163,96530,105857,202387,378934,391616,770550
PERTH,2008,5,268050,271377,539427,84799,95206,180005,352849,366583,719432
PERTH,2008,6,262804,256716,519520,92915,102743,195658,355719,359459,715178
PERTH,2008,7,291354,300383,591737,123325,100960,224285,414679,401343,816022
PERTH,2008,8,277328,274111,551439,101784,98531,200315,379112,372642,751754
PERTH,2008,9,279946,279988,559934,104803,102062,206865,384749,382050,766799
PERTH,2008,10,309029,307695,616724,129204,96292,225496,438233,403987,842220
PERTH,2008,11,280984,283844,564828,104018,98251,202269,385002,382095,767097
PERTH,2008,12,293070,288289,581359,115682,136550,252232,408752,424839,833591
PERTH,2009,1,284420,288108,572528,145541,115339,260880,429961,403447,833408
PERTH,2009,2,240828,246457,487285,108734,82162,190896,349562,328619,678181
PERTH,2009,3,290377,290272,580649,101113,102056,203169,391490,392328,783818
PERTH,2009,4,289319,288945,578264,108813,114652,223465,398132,403597,801729
PERTH,2009,5,273757,276679,550436,91788,105108,196896,365545,381787,747332
PERTH,2009,6,263657,260439,524096,98608,114593,213201,362265,375032,737297
PERTH,2009,7,300210,303804,604014,128152,112281,240433,428362,416085,844447
PERTH,2009,8,287863,285473,573336,110726,106906,217632,398589,392379,790968
PERTH,2009,9,292571,296351,588922,121982,120913,242895,414553,417264,831817
PERTH,2009,10,308512,308055,616567,143712,114485,258197,452224,422540,874764
PERTH,2009,11,287543,289705,577248,124069,119648,243717,411612,409353,820965
PERTH,2009,12,296308,291384,587692,128445,154911,283356,424753,446295,871048
PERTH,2010,1,286464,288436,574900,162965,132416,295381,449429,420852,870281
PERTH,2010,2,257710,260696,518406,121055,104937,225992,378765,365633,744398
PERTH,2010,3,310802,308441,619243,123514,128335,251849,434316,436776,871092
PERTH,2010,4,302872,302407,605279,120962,123936,244898,423834,426343,850177
PERTH,2010,5,287923,286187,574110,104309,114443,218752,392232,400630,792862
PERTH,2010,6,287123,283871,570994,115473,143302,258775,402596,427173,829769
PERTH,2010,7,318123,322413,640536,152709,129033,281742,470832,451446,922278
PERTH,2010,8,308752,304122,612874,124979,124766,249745,433731,428888,862619
PERTH,2010,9,318333,314362,632695,135453,138472,273925,453786,452834,906620
PERTH,2010,10,334601,336074,670675,159154,123118,282272,493755,459192,952947
PERTH,2010,11,319379,318384,637763,126434,125609,252043,445813,443993,889806
PERTH,2010,12,334075,328303,662378,132438,165897,298335,466513,494200,960713
PERTH,2011,1,314220,319155,633375,181208,142653,323861,495428,461808,957236
PERTH,2011,2,274070,276149,550219,132824,109037,241861,406894,385186,792080
PERTH,2011,3,330530,331084,661614,123725,124375,248100,454255,455459,909714
PERTH,2011,4,329318,332212,661530,128507,145585,274092,457825,477797,935622
PERTH,2011,5,334896,330573,665469,126487,127062,253549,461383,457635,919018
PERTH,2011,6,309801,305518,615319,122825,142806,265631,432626,448324,880950
PERTH,2011,7,350500,356774,707274,161562,144998,306560,512062,501772,1013834
PERTH,2011,8,351078,345010,696088,139530,127583,267113,490608,472593,963201
PERTH,2011,9,346669,345169,691838,140559,144486,285045,487228,489655,976883
PERTH,2011,10,352748,356350,709098,165756,135565,301321,518504,491915,1010419
PERTH,2011,11,358408,357742,716150,137757,132561,270318,496165,490303,986468
PERTH,2011,12,360465,347593,708058,136199,175818,312017,496664,523411,1020075
PERTH,2012,1,352760,360850,713610,188945,147847,336792,541705,508697,1050402
PERTH,2012,2,325182,329065,654247,144942,116154,261096,470124,445219,915343
PERTH,2012,3,372895,368765,741660,139493,142470,281963,512388,511235,1023623
PERTH,2012,4,369818,366259,736077,146446,153732,300178,516264,519991,1036255
PERTH,2012,5,368165,369693,737858,123171,135126,258297,491336,504819,996155
PERTH,2012,6,360736,354342,715078,134790,154268,289058,495526,508610,1004136
PERTH,2012,7,398586,400597,799183,173443,149645,323088,572029,550242,1122271
PERTH,2012,8,387883,387138,775021,144289,142521,286810,532172,529659,1061831
PERTH,2012,9,384328,379508,763836,155108,155652,310760,539436,535160,1074596
PERTH,2012,10,413707,419032,832739,183232,146786,330018,596939,565818,1162757
PERTH,2012,11,386062,384542,770604,147270,146048,293318,533332,530590,1063922
PERTH,2012,12,380373,379285,759658,150447,196943,347390,530820,576228,1107048
PERTH,2013,1,373730,383134,756864,208925,159037,367962,582655,542171,1124826
PERTH,2013,2,322002,320456,642458,152007,126370,278377,474009,446826,920835
PERTH,2013,3,381463,380000,761463,151995,151384,303379,533458,531384,1064842
PERTH,2013,4,381375,393724,775099,143640,162889,306529,525015,556613,1081628
PERTH,2013,5,380024,373231,753255,144424,147124,291548,524448,520355,1044803
PERTH,2013,6,357261,342828,700089,141523,160898,302421,498784,503726,1002510
PERTH,2013,7,398806,412089,810895,187095,169847,356942,585901,581936,1167837
PERTH,2013,8,373945,373517,747462,161495,159005,320500,535440,532522,1067962
PERTH,2013,9,373714,373591,747305,166260,169413,335673,539974,543004,1082978
PERTH,2013,10,403993,403832,807825,196425,152043,348468,600418,555875,1156293
PERTH,2013,11,363121,362817,725938,156917,153245,310162,520038,516062,1036100
PERTH,2013,12,377892,375327,753219,170531,227348,397879,548423,602675,1151098
PERTH,2014,1,373794,384806,758600,244756,188565,433321,618550,573371,1191921
PERTH,2014,2,323572,327180,650752,165809,138879,304688,489381,466059,955440
PERTH,2014,3,368083,363511,731594,157118,158112,315230,525201,521623,1046824
PERTH,2014,4,381317,385947,767264,174325,184451,358776,555642,570398,1126040
PERTH,2014,5,350939,355327,706266,142723,158400,301123,493662,513727,1007389
PERTH,2014,6,342876,330153,673029,145966,170833,316799,488842,500986,989828
PERTH,2014,7,377458,391848,769306,205965,178812,384777,583423,570660,1154083
PERTH,2014,8,361356,358479,719835,163905,166519,330424,525261,524998,1050259
PERTH,2014,9,362782,366423,729205,179961,181406,361367,542743,547829,1090572
PERTH,2014,10,398992,401561,800553,204204,158932,363136,603196,560493,1163689
PERTH,2014,11,356660,355399,712059,158386,156950,315336,515046,512349,1027395
PERTH,2014,12,369737,370319,740056,173480,221950,395430,543217,592269,1135486
PERTH,2015,1,351624,358420,710044,238626,184382,423008,590250,542802,1133052
PERTH,2015,2,302620,312158,614778,169685,144653,314338,472305,456811,929116
PERTH,2015,3,359400,351127,710527,160418,167454,327872,519818,518581,1038399
PERTH,2015,4,363209,360074,723283,168302,173956,342258,531511,534030,1065541
PERTH,2015,5,331242,334104,665346,143271,158138,301409,474513,492242,966755
PERTH,2015,6,334331,315818,650149,147906,177716,325622,482237,493534,975771
PERTH,2015,7,373233,391420,764653,204453,182039,386492,577686,573459,1151145
PERTH,2015,8,345804,339311,685115,168066,167076,335142,513870,506387,1020257
PERTH,2015,9,345190,354353,699543,175801,178626,354427,520991,532979,1053970
PERTH,2015,10,376349,371879,748228,201257,159865,361122,577606,531744,1109350
PERTH,2015,11,350883,348296,699179,161118,156852,317970,512001,505148,1017149
PERTH,2015,12,366185,364502,730687,177833,225340,403173,544018,589842,1133860
PERTH,2016,1,339718,348882,688600,239957,194026,433983,579675,542908,1122583
PERTH,2016,2,298463,306771,605234,183022,150969,333991,481485,457740,939225
PERTH,2016,3,351129,344678,695807,169100,174373,343473,520229,519051,1039280
PERTH,2016,4,339551,343860,683411,172768,180423,353191,512319,524283,1036602
PERTH,2016,5,323448,324678,648126,149078,158887,307965,472526,483565,956091
PERTH,2016,6,319153,317203,636356,153342,186840,340182,472495,504043,976538
PERTH,2016,7,345310,359636,704946,217460,185918,403378,562770,545554,1108324
PERTH,2016,8,333833,330911,664744,172310,168899,341209,506143,499810,1005953
PERTH,2016,9,345591,347858,693449,187478,191734,379212,533069,539592,1072661
PERTH,2016,10,353502,358906,712408,212243,166592,378835,565745,525498,1091243
PERTH,2016,11,336632,340980,677612,168867,172050,340917,505499,513030,1018529
PERTH,2016,12,361956,352837,714793,188630,234209,422839,550586,587046,1137632
PERTH,2017,1,337758,352883,690641,239999,196653,436652,577757,549536,1127293
PERTH,2017,2,281671,288163,569834,181235,146779,328014,462906,434942,897848
PERTH,2017,3,331228,332182,663410,168813,174935,343748,500041,507117,1007158
PERTH,2017,4,335208,333755,668963,185833,193652,379485,521041,527407,1048448
PERTH,2017,5,318488,324138,642626,155396,165738,321134,473884,489876,963760
PERTH,2017,6,310500,312126,622626,158255,190155,348410,468755,502281,971036
PERTH,2017,7,348994,352709,701703,211701,182304,394005,560695,535013,1095708
PERTH,2017,8,329875,328372,658247,174162,171298,345460,504037,499670,1003707
PERTH,2017,9,330208,335505,665713,183141,189091,372232,513349,524596,1037945
PERTH,2017,10,356818,357901,714719,209573,167158,376731,566391,525059,1091450
PERTH,2017,11,340894,340217,681111,166263,164421,330684,507157,504638,1011795
PERTH,2017,12,359066,346366,705432,183881,225031,408912,542947,571397,1114344
PERTH,2018,1,338970,354520,693490,230724,190208,420932,569694,544728,1114422
PERTH,2018,2,293234,294222,587456,173590,147109,320699,466824,441331,908155
PERTH,2018,3,347889,339031,686920,172623,178886,351509,520512,517917,1038429
PERTH,2018,4,338271,345743,684014,171396,184847,356243,509667,530590,1040257
PERTH,2018,5,332088,332706,664794,156686,164906,321592,488774,497612,986386
PERTH,2018,6,310124,310390,620514,160492,195155,355647,470616,505545,976161
PERTH,2018,7,356414,360646,717060,216000,180045,396045,572414,540691,1113105
PERTH,2018,8,334133,329291,663424,178516,178586,357102,512649,507877,1020526
PERTH,2018,9,339438,345477,684915,182920,187834,370754,522358,533311,1055669
PERTH,2018,10,367669,363399,731068,199858,160469,360327,567527,523868,1091395
PERTH,2018,11,346125,341988,688113,168215,169049,337264,514340,511037,1025377
PERTH,2018,12,353421,336559,689980,187566,230291,417857,540987,566850,1107837
PERTH,2019,1,333792,355008,688800,230405,191656,422061,564197,546664,1110861
PERTH,2019,2,292431,290188,582619,177469,147449,324918,469900,437637,907537
PERTH,2019,3,327527,324347,651874,163843,169358,333201,491370,493705,985075
PERTH,2019,4,344871,346786,691657,171753,185698,357451,516624,532484,1049108
PERTH,2019,5,329652,330261,659913,158107,163144,321251,487759,493405,981164
PERTH,2019,6,315356,306689,622045,155018,180664,335682,470374,487353,957727
PERTH,2019,7,362677,370477,733154,203301,180135,383436,565978,550612,1116590
PERTH,2019,8,343016,336164,679180,180370,178650,359020,523386,514814,1038200
PERTH,2019,9,339702,339996,679698,180961,185024,365985,520663,525020,1045683
PERTH,2019,10,377209,376475,753684,205797,171561,377358,583006,548036,1131042
PERTH,2019,11,348086,343342,691428,180935,176849,357784,529021,520191,1049212
PERTH,2019,12,367525,348759,716284,190795,234238,425033,558320,582997,1141317
PERTH,2020,1,336945,359009,695954,238157,204575,442732,575102,563584,1138686
PERTH,2020,2,297652,300717,598369,169482,135267,304749,467134,435984,903118
PERTH,2020,3,233956,226081,460037,93680,84820,178500,327636,310901,638537
PERTH,2020,4,17595,17136,34731,1696,5422,7118,19291,22558,41849
PERTH,2020,5,15780,17204,32984,1141,2285,3426,16921,19489,36410
PERTH,2020,6,29887,31756,61643,1652,2469,4121,31539,34225,65764
PERTH,2020,7,53442,55274,108716,2702,3866,6568,56144,59140,115284
PERTH,2020,8,58156,59012,117168,2038,4142,6180,60194,63154,123348
PERTH,2020,9,78515,75161,153676,2038,2786,4824,80553,77947,158500
PERTH,2020,10,90005,84295,174300,3497,3203,6700,93502,87498,181000
PERTH,2020,11,104170,101412,205582,3648,2905,6553,107818,104317,212135
PERTH,2020,12,163235,140723,303958,4096,3393,7489,167331,144116,311447
PERTH,2021,1,119606,135005,254611,2997,2688,5685,122603,137693,260296
PERTH,2021,2,93691,89784,183475,2249,2109,4358,95940,91893,187833
PERTH,2021,3,192611,185827,378438,3573,2357,5930,196184,188184,384368
PERTH,2021,4,218279,219323,437602,4569,3900,8469,222848,223223,446071
PERTH,2021,5,225194,227822,453016,5451,6428,11879,230645,234250,464895
PERTH,2021,6,203405,200554,403959,6887,6448,13335,210292,207002,417294
PERTH,2021,7,134985,136530,271515,6570,7980,14550,141555,144510,286065
PERTH,2021,8,136243,132964,269207,2894,2954,5848,139137,135918,275055
PERTH,2021,9,159249,151192,310441,1316,2728,4044,160565,153920,314485
PERTH,2021,10,159047,153702,312749,1436,3048,4484,160483,156750,317233
PERTH,2021,11,166141,163803,329944,1295,4178,5473,167436,167981,335417
PERTH,2021,12,129919,119443,249362,1660,4936,6596,131579,124379,255958
PERTH,2022,1,82324,99652,181976,916,5815,6731,83240,105467,188707
PERTH,2022,2,111832,92555,204387,1334,6318,7652,113166,98873,212039
PERTH,2022,3,199907,187184,387091,26166,19622,45788,226073,206806,432879
PERTH,2022,4,280604,273619,554223,49607,50958,100565,330211,324577,654788
PERTH,2022,5,291270,291804,583074,56675,62118,118793,347945,353922,701867
PERTH,2022,6,313517,307999,621516,71995,88871,160866,385512,396870,782382
PERTH,2022,7,331277,332267,663544,106979,99663,206642,438256,431930,870186
PERTH,2022,8,323527,315687,639214,108969,97490,206459,432496,413177,845673
SYDNEY,2000,1,600155,618569,1218724,357512,362109,719621,957667,980678,1938345
SYDNEY,2000,2,605977,599847,1205824,328992,311707,640699,934969,911554,1846523
SYDNEY,2000,3,673539,662304,1335843,303770,337919,641689,977309,1000223,1977532
SYDNEY,2000,4,643153,629291,1272444,327665,360247,687912,970818,989538,1960356
SYDNEY,2000,5,635685,621028,1256713,273093,319168,592261,908778,940196,1848974
SYDNEY,2000,6,644226,638600,1282826,280055,303432,583487,924281,942032,1866313
SYDNEY,2000,7,658341,674214,1332555,370847,338758,709605,1029188,1012972,2042160
SYDNEY,2000,8,705777,685351,1391128,305438,344118,649556,1011215,1029469,2040684
SYDNEY,2000,9,782169,741170,1523339,367096,351997,719093,1149265,1093167,2242432
SYDNEY,2000,10,721969,770102,1492071,382128,370847,752975,1104097,1140949,2245046
SYDNEY,2000,11,740580,726262,1466842,351774,370505,722279,1092354,1096767,2189121
SYDNEY,2000,12,735015,726986,1462001,385093,432953,818046,1120108,1159939,2280047
SYDNEY,2001,1,772825,753460,1526285,429519,413148,842667,1202344,1166608,2368952
SYDNEY,2001,2,644418,638229,1282647,347071,326321,673392,991489,964550,1956039
SYDNEY,2001,3,764867,750913,1515780,332452,368819,701271,1097319,1119732,2217051
SYDNEY,2001,4,771142,754067,1525209,336349,368688,705037,1107491,1122755,2230246
SYDNEY,2001,5,710334,695835,1406169,281788,327279,609067,992122,1023114,2015236
SYDNEY,2001,6,679448,672652,1352100,305000,329844,634844,984448,1002496,1986944
SYDNEY,2001,7,759651,765567,1525218,396511,376642,773153,1156162,1142209,2298371
SYDNEY,2001,8,742381,717127,1459508,325629,371671,697300,1068010,1088798,2156808
SYDNEY,2001,9,620948,619817,1240765,315765,329483,645248,936713,949300,1886013
SYDNEY,2001,10,616408,628258,1244666,339550,289458,629008,955958,917716,1873674
SYDNEY,2001,11,620157,615593,1235750,288534,300354,588888,908691,915947,1824638
SYDNEY,2001,12,625983,623216,1249199,351844,377254,729098,977827,1000470,1978297
SYDNEY,2002,1,647747,629361,1277108,381444,371770,753214,1029191,1001131,2030322
SYDNEY,2002,2,592765,588710,1181475,328497,317977,646474,921262,906687,1827949
SYDNEY,2002,3,637468,625572,1263040,336029,359582,695611,973497,985154,1958651
SYDNEY,2002,4,606441,591864,1198305,300847,333360,634207,907288,925224,1832512
SYDNEY,2002,5,596071,587439,1183510,272660,311046,583706,868731,898485,1767216
SYDNEY,2002,6,565985,557427,1123412,281121,311137,592258,847106,868564,1715670
SYDNEY,2002,7,648012,660569,1308581,369163,338385,707548,1017175,998954,2016129
SYDNEY,2002,8,648952,630335,1279287,308310,346303,654613,957262,976638,1933900
SYDNEY,2002,9,644720,645440,1290160,305796,318780,624576,950516,964220,1914736
SYDNEY,2002,10,709813,707018,1416831,382244,320522,702766,1092057,1027540,2119597
SYDNEY,2002,11,669195,655810,1325005,320663,340448,661111,989858,996258,1986116
SYDNEY,2002,12,677706,663488,1341194,355308,395383,750691,1033014,1058871,2091885
SYDNEY,2003,1,672794,660865,1333659,407482,389333,796815,1080276,1050198,2130474
SYDNEY,2003,2,607387,600973,1208360,334481,309670,644151,941868,910643,1852511
SYDNEY,2003,3,671900,664640,1336540,307115,323868,630983,979015,988508,1967523
SYDNEY,2003,4,655777,646027,1301804,268547,284854,553401,924324,930881,1855205
SYDNEY,2003,5,642532,636564,1279096,231588,257885,489473,874120,894449,1768569
SYDNEY,2003,6,640113,632909,1273022,253355,283505,536860,893468,916414,1809882
SYDNEY,2003,7,710102,722300,1432402,364483,333194,697677,1074585,1055494,2130079
SYDNEY,2003,8,701241,688815,1390056,310030,349066,659096,1011271,1037881,2049152
SYDNEY,2003,9,716403,719378,1435781,331797,338971,670768,1048200,1058349,2106549
SYDNEY,2003,10,781669,783249,1564918,382214,324708,706922,1163883,1107957,2271840
SYDNEY,2003,11,754043,739600,1493643,350664,373757,724421,1104707,1113357,2218064
SYDNEY,2003,12,752848,746193,1499041,380581,438693,819274,1133429,1184886,2318315
SYDNEY,2004,1,740180,730981,1471161,435635,417236,852871,1175815,1148217,2324032
SYDNEY,2004,2,690396,686112,1376508,368353,339747,708100,1058749,1025859,2084608
SYDNEY,2004,3,764407,750093,1514500,338145,372811,710956,1102552,1122904,2225456
SYDNEY,2004,4,738347,730672,1469019,347767,375887,723654,1086114,1106559,2192673
SYDNEY,2004,5,715555,705358,1420913,302528,345225,647753,1018083,1050583,2068666
SYDNEY,2004,6,717618,709698,1427316,316365,356497,672862,1033983,1066195,2100178
SYDNEY,2004,7,794005,803495,1597500,424147,375074,799221,1218152,1178569,2396721
SYDNEY,2004,8,802825,790143,1592968,341799,370071,711870,1144624,1160214,2304838
SYDNEY,2004,9,792955,800198,1593153,348401,368103,716504,1141356,1168301,2309657
SYDNEY,2004,10,833327,828760,1662087,419236,351899,771135,1252563,1180659,2433222
SYDNEY,2004,11,792152,780483,1572635,368157,387595,755752,1160309,1168078,2328387
SYDNEY,2004,12,779341,769148,1548489,415329,465818,881147,1194670,1234966,2429636
SYDNEY,2005,1,765225,754662,1519887,496729,456965,953694,1261954,1211627,2473581
SYDNEY,2005,2,732269,725748,1458017,393734,364324,758058,1126003,1090072,2216075
SYDNEY,2005,3,821009,808468,1629477,385399,405235,790634,1206408,1213703,2420111
SYDNEY,2005,4,782910,776208,1559118,362986,392668,755654,1145896,1168876,2314772
SYDNEY,2005,5,752079,738672,1490751,307917,359894,667811,1059996,1098566,2158562
SYDNEY,2005,6,731150,724242,1455392,335529,377683,713212,1066679,1101925,2168604
SYDNEY,2005,7,811517,818050,1629567,455890,400072,855962,1267407,1218122,2485529
SYDNEY,2005,8,808299,791540,1599839,366335,400842,767177,1174634,1192382,2367016
SYDNEY,2005,9,815050,822851,1637901,386191,388594,774785,1201241,1211445,2412686
SYDNEY,2005,10,851732,842282,1694014,440647,360488,801135,1292379,1202770,2495149
SYDNEY,2005,11,830110,812957,1643067,376786,395538,772324,1206896,1208495,2415391
SYDNEY,2005,12,816383,806754,1623137,426049,479488,905537,1242432,1286242,2528674
SYDNEY,2006,1,805166,794957,1600123,511247,457754,969001,1316413,1252711,2569124
SYDNEY,2006,2,738344,733853,1472197,411471,371274,782745,1149815,1105127,2254942
SYDNEY,2006,3,824597,819359,1643956,378684,401512,780196,1203281,1220871,2424152
SYDNEY,2006,4,829796,814262,1644058,390293,425042,815335,1220089,1239304,2459393
SYDNEY,2006,5,800145,787082,1587227,330210,364815,695025,1130355,1151897,2282252
SYDNEY,2006,6,778195,775428,1553623,349258,399074,748332,1127453,1174502,2301955
SYDNEY,2006,7,870269,877332,1747601,469131,393768,862899,1339400,1271100,2610500
SYDNEY,2006,8,855423,839500,1694923,371197,400795,771992,1226620,1240295,2466915
SYDNEY,2006,9,874150,880207,1754357,400559,395302,795861,1274709,1275509,2550218
SYDNEY,2006,10,919862,924316,1844178,467976,397497,865473,1387838,1321813,2709651
SYDNEY,2006,11,905894,898131,1804025,407704,412837,820541,1313598,1310968,2624566
SYDNEY,2006,12,899097,873635,1772732,453427,505143,958570,1352524,1378778,2731302
SYDNEY,2007,1,865607,863803,1729410,523596,479313,1002909,1389203,1343116,2732319
SYDNEY,2007,2,804202,804149,1608351,431862,386756,818618,1236064,1190905,2426969
SYDNEY,2007,3,916442,901634,1818076,428333,444210,872543,1344775,1345844,2690619
SYDNEY,2007,4,890300,870655,1760955,410858,435630,846488,1301158,1306285,2607443
SYDNEY,2007,5,853898,842286,1696184,343849,379611,723460,1197747,1221897,2419644
SYDNEY,2007,6,826499,834486,1660985,372426,412629,785055,1198925,1247115,2446040
SYDNEY,2007,7,927254,930555,1857809,484746,411228,895974,1412000,1341783,2753783
SYDNEY,2007,8,922071,909550,1831621,408691,424699,833390,1330762,1334249,2665011
SYDNEY,2007,9,902820,897645,1800465,418230,428780,847010,1321050,1326425,2647475
SYDNEY,2007,10,975244,986566,1961810,493139,408634,901773,1468383,1395200,2863583
SYDNEY,2007,11,947058,939317,1886375,431052,437608,868660,1378110,1376925,2755035
SYDNEY,2007,12,938335,918679,1857014,460496,521864,982360,1398831,1440543,2839374
SYDNEY,2008,1,906628,910069,1816697,548467,478227,1026694,1455095,1388296,2843391
SYDNEY,2008,2,895723,902132,1797855,475823,411452,887275,1371546,1313584,2685130
SYDNEY,2008,3,979421,970095,1949516,443531,457485,901016,1422952,1427580,2850532
SYDNEY,2008,4,924525,923029,1847554,408788,429247,838035,1333313,1352276,2685589
SYDNEY,2008,5,910979,898618,1809597,375114,408669,783783,1286093,1307287,2593380
SYDNEY,2008,6,863582,860229,1723811,379389,415481,794870,1242971,1275710,2518681
SYDNEY,2008,7,967956,987362,1955318,523633,457958,981591,1491589,1445320,2936909
SYDNEY,2008,8,934693,923241,1857934,414252,435894,850146,1348945,1359135,2708080
SYDNEY,2008,9,914888,927790,1842678,399830,406094,805924,1314718,1333884,2648602
SYDNEY,2008,10,1009860,1016649,2026509,484575,397692,882267,1494435,1414341,2908776
SYDNEY,2008,11,933541,925255,1858796,418604,418200,836804,1352145,1343455,2695600
SYDNEY,2008,12,933356,928606,1861962,453228,511267,964495,1386584,1439873,2826457
SYDNEY,2009,1,917544,929969,1847513,539079,457378,996457,1456623,1387347,2843970
SYDNEY,2009,2,834495,839110,1673605,428010,373914,801924,1262505,1213024,2475529
SYDNEY,2009,3,939082,935750,1874832,410673,411020,821693,1349755,1346770,2696525
SYDNEY,2009,4,920109,921212,1841321,429137,441485,870622,1349246,1362697,2711943
SYDNEY,2009,5,863230,854928,1718158,364220,395190,759410,1227450,1250118,2477568
SYDNEY,2009,6,828894,819146,1648040,363355,404533,767888,1192249,1223679,2415928
SYDNEY,2009,7,930385,960770,1891155,494278,447070,941348,1424663,1407840,2832503
SYDNEY,2009,8,943864,938179,1882043,433893,430252,864145,1377757,1368431,2746188
SYDNEY,2009,9,956042,956379,1912421,443209,436480,879689,1399251,1392859,2792110
SYDNEY,2009,10,1041829,1055951,2097780,523927,451566,975493,1565756,1507517,3073273
SYDNEY,2009,11,1004912,997604,2002516,440305,453940,894245,1445217,1451544,2896761
SYDNEY,2009,12,993441,979947,1973388,498977,563379,1062356,1492418,1543326,3035744
SYDNEY,2010,1,938593,953550,1892143,589167,521511,1110678,1527760,1475061,3002821
SYDNEY,2010,2,940950,936409,1877359,474091,424962,899053,1415041,1361371,2776412
SYDNEY,2010,3,1024000,1027486,2051486,451545,474798,926343,1475545,1502284,2977829
SYDNEY,2010,4,1003151,995055,1998206,441331,445549,886880,1444482,1440604,2885086
SYDNEY,2010,5,954506,949785,1904291,380176,422964,803140,1334682,1372749,2707431
SYDNEY,2010,6,938476,929688,1868164,402125,465000,867125,1340601,1394688,2735289
SYDNEY,2010,7,1028127,1054596,2082723,546386,469414,1015800,1574513,1524010,3098523
SYDNEY,2010,8,1023426,1009868,2033294,457069,471363,928432,1480495,1481231,2961726
SYDNEY,2010,9,1016828,1042725,2059553,473067,489387,962454,1489895,1532112,3022007
SYDNEY,2010,10,1098050,1091897,2189947,549162,459725,1008887,1647212,1551622,3198834
SYDNEY,2010,11,1056752,1051838,2108590,465698,478625,944323,1522450,1530463,3052913
SYDNEY,2010,12,1073348,1055700,2129048,514182,588240,1102422,1587530,1643940,3231470
SYDNEY,2011,1,990667,996394,1987061,617807,541526,1159333,1608474,1537920,3146394
SYDNEY,2011,2,925854,929005,1854859,487786,428500,916286,1413640,1357505,2771145
SYDNEY,2011,3,1039009,1034790,2073799,446942,456003,902945,1485951,1490793,2976744
SYDNEY,2011,4,1024659,1014734,2039393,466420,499769,966189,1491079,1514503,3005582
SYDNEY,2011,5,978205,970336,1948541,409295,443458,852753,1387500,1413794,2801294
SYDNEY,2011,6,901802,905444,1807246,404433,480056,884489,1306235,1385500,2691735
SYDNEY,2011,7,1022596,1041581,2064177,563461,476698,1040159,1586057,1518279,3104336
SYDNEY,2011,8,1010698,993479,2004177,462526,475601,938127,1473224,1469080,2942304
SYDNEY,2011,9,993432,1015818,2009250,482585,511900,994485,1476017,1527718,3003735
SYDNEY,2011,10,1032168,1027640,2059808,566982,463447,1030429,1599150,1491087,3090237
SYDNEY,2011,11,1023583,1019531,2043114,471165,480997,952162,1494748,1500528,2995276
SYDNEY,2011,12,1023737,1010189,2033926,516227,594998,1111225,1539964,1605187,3145151
SYDNEY,2012,1,976748,994534,1971282,636764,544134,1180898,1613512,1538668,3152180
SYDNEY,2012,2,922882,932060,1854942,502187,438793,940980,1425069,1370853,2795922
SYDNEY,2012,3,1045541,1031426,2076967,473869,498448,972317,1519410,1529874,3049284
SYDNEY,2012,4,1002005,1002316,2004321,493981,507349,1001330,1495986,1509665,3005651
SYDNEY,2012,5,986288,970793,1957081,415903,460344,876247,1402191,1431137,2833328
SYDNEY,2012,6,946941,943508,1890449,447918,531028,978946,1394859,1474536,2869395
SYDNEY,2012,7,1049721,1064864,2114585,585208,491435,1076643,1634929,1556299,3191228
SYDNEY,2012,8,1060628,1041343,2101971,490990,513955,1004945,1551618,1555298,3106916
SYDNEY,2012,9,1053607,1069913,2123520,512937,543135,1056072,1566544,1613048,3179592
SYDNEY,2012,10,1111778,1107024,2218802,582555,480934,1063489,1694333,1587958,3282291
SYDNEY,2012,11,1098924,1093331,2192255,503626,522024,1025650,1602550,1615355,3217905
SYDNEY,2012,12,1078993,1053709,2132702,556732,634944,1191676,1635725,1688653,3324378
SYDNEY,2013,1,1021964,1040218,2062182,651121,559445,1210566,1673085,1599663,3272748
SYDNEY,2013,2,938481,940265,1878746,513791,460487,974278,1452272,1400752,2853024
SYDNEY,2013,3,1063795,1050688,2114483,507531,532984,1040515,1571326,1583672,3154998
SYDNEY,2013,4,1054470,1048890,2103360,507852,520156,1028008,1562322,1569046,3131368
SYDNEY,2013,5,1004327,991223,1995550,447696,488558,936254,1452023,1479781,2931804
SYDNEY,2013,6,972477,974320,1946797,466995,542461,1009456,1439472,1516781,2956253
SYDNEY,2013,7,1101767,1102001,2203768,609690,529985,1139675,1711457,1631986,3343443
SYDNEY,2013,8,1076609,1058103,2134712,523344,542194,1065538,1599953,1600297,3200250
SYDNEY,2013,9,1042028,1061600,2103628,536112,561318,1097430,1578140,1622918,3201058
SYDNEY,2013,10,1149680,1144501,2294181,610674,497724,1108398,1760354,1642225,3402579
SYDNEY,2013,11,1088671,1080518,2169189,530129,542880,1073009,1618800,1623398,3242198
SYDNEY,2013,12,1113579,1096486,2210065,578786,671972,1250758,1692365,1768458,3460823
SYDNEY,2014,1,1065915,1082908,2148823,698668,608317,1306985,1764583,1691225,3455808
SYDNEY,2014,2,966175,953742,1919917,541240,495993,1037233,1507415,1449735,2957150
SYDNEY,2014,3,1075212,1065090,2140302,513803,530525,1044328,1589015,1595615,3184630
SYDNEY,2014,4,1054858,1046448,2101306,526287,566949,1093236,1581145,1613397,3194542
SYDNEY,2014,5,1017429,1001898,2019327,483268,509089,992357,1500697,1510987,3011684
SYDNEY,2014,6,972837,972810,1945647,463814,565678,1029492,1436651,1538488,2975139
SYDNEY,2014,7,1088070,1090076,2178146,613345,528745,1142090,1701415,1618821,3320236
SYDNEY,2014,8,1072351,1056340,2128691,524448,551983,1076431,1596799,1608323,3205122
SYDNEY,2014,9,1057089,1070473,2127562,535529,554031,1089560,1592618,1624504,3217122
SYDNEY,2014,10,1174641,1172420,2347061,616131,519670,1135801,1790772,1692090,3482862
SYDNEY,2014,11,1088111,1083123,2171234,542097,546503,1088600,1630208,1629626,3259834
SYDNEY,2014,12,1100833,1088258,2189091,593553,686169,1279722,1694386,1774427,3468813
SYDNEY,2015,1,1039522,1046901,2086423,711721,614666,1326387,1751243,1661567,3412810
SYDNEY,2015,2,973110,970584,1943694,563101,503262,1066363,1536211,1473846,3010057
SYDNEY,2015,3,1105157,1095693,2200850,557245,579473,1136718,1662402,1675166,3337568
SYDNEY,2015,4,1056659,1058151,2114810,547174,551891,1099065,1603833,1610042,3213875
SYDNEY,2015,5,1029545,1017224,2046769,488608,519255,1007863,1518153,1536479,3054632
SYDNEY,2015,6,983350,995667,1979017,487652,572404,1060056,1471002,1568071,3039073
SYDNEY,2015,7,1134247,1139638,2273885,643544,567433,1210977,1777791,1707071,3484862
SYDNEY,2015,8,1080332,1065663,2145995,553594,567291,1120885,1633926,1632954,3266880
SYDNEY,2015,9,1087857,1109278,2197135,572834,579569,1152403,1660691,1688847,3349538
SYDNEY,2015,10,1176002,1166705,2342707,639213,552224,1191437,1815215,1718929,3534144
SYDNEY,2015,11,1135940,1126558,2262498,570432,579909,1150341,1706372,1706467,3412839
SYDNEY,2015,12,1157667,1146169,2303836,643342,745391,1388733,1801009,1891560,3692569
SYDNEY,2016,1,1104447,1113703,2218150,781878,675908,1457786,1886325,1789611,3675936
SYDNEY,2016,2,1056881,1054242,2111123,636639,567917,1204556,1693520,1622159,3315679
SYDNEY,2016,3,1162751,1135735,2298486,601343,625198,1226541,1764094,1760933,3525027
SYDNEY,2016,4,1105980,1120670,2226650,602761,612185,1214946,1708741,1732855,3441596
SYDNEY,2016,5,1072295,1055096,2127391,526968,555830,1082798,1599263,1610926,3210189
SYDNEY,2016,6,1032639,1022740,2055379,524116,616675,1140791,1556755,1639415,3196170
SYDNEY,2016,7,1154741,1177544,2332285,719961,627148,1347109,1874702,1804692,3679394
SYDNEY,2016,8,1112898,1096154,2209052,601925,608827,1210752,1714823,1704981,3419804
SYDNEY,2016,9,1125415,1159911,2285326,617389,630118,1247507,1742804,1790029,3532833
SYDNEY,2016,10,1202970,1174544,2377514,693223,588318,1281541,1896193,1762862,3659055
SYDNEY,2016,11,1170274,1167166,2337440,605826,622927,1228753,1776100,1790093,3566193
SYDNEY,2016,12,1162146,1165002,2327148,681661,787236,1468897,1843807,1952238,3796045
SYDNEY,2017,1,1127330,1128197,2255527,835438,724531,1559969,1962768,1852728,3815496
SYDNEY,2017,2,1029813,1028231,2058044,655651,570218,1225869,1685464,1598449,3283913
SYDNEY,2017,3,1174197,1156629,2330826,614723,629062,1243785,1788920,1785691,3574611
SYDNEY,2017,4,1120311,1122762,2243073,664691,681401,1346092,1785002,1804163,3589165
SYDNEY,2017,5,1095571,1085506,2181077,562979,593638,1156617,1658550,1679144,3337694
SYDNEY,2017,6,1060307,1056841,2117148,569557,673314,1242871,1629864,1730155,3360019
SYDNEY,2017,7,1180867,1187367,2368234,760491,662542,1423033,1941358,1849909,3791267
SYDNEY,2017,8,1125981,1110360,2236341,644683,655860,1300543,1770664,1766220,3536884
SYDNEY,2017,9,1120569,1149275,2269844,657428,669922,1327350,1777997,1819197,3597194
SYDNEY,2017,10,1234112,1210014,2444126,727017,618485,1345502,1961129,1828499,3789628
SYDNEY,2017,11,1206765,1204038,2410803,644589,666967,1311556,1851354,1871005,3722359
SYDNEY,2017,12,1186961,1189870,2376831,720485,834514,1554999,1907446,2024384,3931830
SYDNEY,2018,1,1153562,1141771,2295333,852699,733634,1586333,2006261,1875405,3881666
SYDNEY,2018,2,1065983,1071878,2137861,696311,617701,1314012,1762294,1689579,3451873
SYDNEY,2018,3,1207474,1205485,2412959,676261,692921,1369182,1883735,1898406,3782141
SYDNEY,2018,4,1164271,1149887,2314158,672810,700606,1373416,1837081,1850493,3687574
SYDNEY,2018,5,1115328,1093690,2209018,605693,624178,1229871,1721021,1717868,3438889
SYDNEY,2018,6,1075953,1052376,2128329,592992,702206,1295198,1668945,1754582,3423527
SYDNEY,2018,7,1185423,1217202,2402625,793662,696321,1489983,1979085,1913523,3892608
SYDNEY,2018,8,1169183,1156881,2326064,675440,686667,1362107,1844623,1843548,3688171
SYDNEY,2018,9,1127214,1132581,2259795,672762,684833,1357595,1799976,1817414,3617390
SYDNEY,2018,10,1241043,1241669,2482712,779641,656652,1436293,2020684,1898321,3919005
SYDNEY,2018,11,1190236,1191362,2381598,663086,684189,1347275,1853322,1875551,3728873
SYDNEY,2018,12,1155410,1161411,2316821,734848,866372,1601220,1890258,2027783,3918041
SYDNEY,2019,1,1151296,1138031,2289327,887489,768912,1656401,2038785,1906943,3945728
SYDNEY,2019,2,1041047,1041948,2082995,707952,612960,1320912,1748999,1654908,3403907
SYDNEY,2019,3,1168035,1163665,2331700,656438,672111,1328549,1824473,1835776,3660249
SYDNEY,2019,4,1143091,1140011,2283102,681293,719809,1401102,1824384,1859820,3684204
SYDNEY,2019,5,1112636,1105077,2217713,641103,658543,1299646,1753739,1763620,3517359
SYDNEY,2019,6,1056674,1037459,2094133,609046,697055,1306101,1665720,1734514,3400234
SYDNEY,2019,7,1179466,1208057,2387523,758328,692756,1451084,1937794,1900813,3838607
SYDNEY,2019,8,1154302,1141216,2295518,688054,695834,1383888,1842356,1837050,3679406
SYDNEY,2019,9,1138830,1146456,2285286,668842,689778,1358620,1807672,1836234,3643906
SYDNEY,2019,10,1276535,1267353,2543888,759129,665258,1424387,2035664,1932611,3968275
SYDNEY,2019,11,1190189,1188233,2378422,677641,682256,1359897,1867830,1870489,3738319
SYDNEY,2019,12,1167955,1180842,2348797,728207,871647,1599854,1896162,2052489,3948651
SYDNEY,2020,1,1142353,1131604,2273957,877231,775800,1653031,2019584,1907404,3926988
SYDNEY,2020,2,1003957,983714,1987671,595097,506896,1101993,1599054,1490610,3089664
SYDNEY,2020,3,657237,661525,1318762,341102,344459,685561,998339,1005984,2004323
SYDNEY,2020,4,28082,20096,48178,7751,33619,41370,35833,53715,89548
SYDNEY,2020,5,33504,28774,62278,10119,20218,30337,43623,48992,92615
SYDNEY,2020,6,74605,65547,140152,12537,21934,34471,87142,87481,174623
SYDNEY,2020,7,134227,140497,274724,12877,29798,42675,147104,170295,317399
SYDNEY,2020,8,55176,35022,90198,9825,28770,38595,65001,63792,128793
SYDNEY,2020,9,51249,45899,97148,10035,24897,34932,61284,70796,132080
SYDNEY,2020,10,96350,89142,185492,13108,23983,37091,109458,113125,222583
SYDNEY,2020,11,158324,148823,307147,15900,24368,40268,174224,173191,347415
SYDNEY,2020,12,322699,336374,659073,16152,26436,42588,338851,362810,701661
SYDNEY,2021,1,114029,82773,196802,11032,20684,31716,125061,103457,228518
SYDNEY,2021,2,292959,302746,595705,9983,14635,24618,302942,317381,620323
SYDNEY,2021,3,556632,564536,1121168,13957,15381,29338,570589,579917,1150506
SYDNEY,2021,4,750556,738789,1489345,21742,27003,48745,772298,765792,1538090
SYDNEY,2021,5,676101,671249,1347350,41234,42708,83942,717335,713957,1431292
SYDNEY,2021,6,453658,451817,905475,39699,40536,80235,493357,492353,985710
SYDNEY,2021,7,40553,27111,67664,12380,19811,32191,52933,46922,99855
SYDNEY,2021,8,13222,11544,24766,7955,18448,26403,21177,29992,51169
SYDNEY,2021,9,12745,9916,22661,4410,14062,18472,17155,23978,41133
SYDNEY,2021,10,25530,19808,45338,3662,15753,19415,29192,35561,64753
SYDNEY,2021,11,205713,200654,406367,42178,49870,92048,247891,250524,498415
SYDNEY,2021,12,454384,494734,949118,112764,129642,242406,567148,624376,1191524
SYDNEY,2022,1,485546,464651,950197,153721,103167,256888,639267,567818,1207085
SYDNEY,2022,2,494968,506011,1000979,134032,88762,222794,629000,594773,1223773
SYDNEY,2022,3,749213,751972,1501185,177024,160206,337230,926237,912178,1838415
SYDNEY,2022,4,971618,965691,1937309,259434,279098,538532,1231052,1244789,2475841
SYDNEY,2022,5,917829,913466,1831295,287411,289660,577071,1205240,1203126,2408366
SYDNEY,2022,6,939255,934024,1873279,319268,376620,695888,1258523,1310644,2569167
SYDNEY,2022,7,991189,998299,1989488,449878,404429,854307,1441067,1402728,2843795
SYDNEY,2022,8,933700,925247,1858947,420285,385639,805924,1353985,1310886,2664871
